[1,["a9gVhRi3pAwKKoBdTl4/FE","aceCohHa5F9ZA8u/53XRzC","99ewj10ItNo7u8zJySUChC","75NKrX+lhIPrYKT8BWBAhv","05mj6A2jhMNpQLceJZkOEz@f5f73","9cXArX22RACqI9Q9lFJcZv@93c4b","e1Wbye4MJJGKiU3KZDrjQ7","a3zQCfCrBCDZJ4uf2rk5u8","b13RWntzRNl5Uwt+EXKne6@b8a2d","1brw/JvvpFnIvdrxpFCgMZ","34fmQu/Z9LFoVEVRML//i+","c4J8pFVJxGu7+wNYIalmsj","45sWzp5BNC0q7SGNCpHhed@6c48a","bc4ajX/udNnaria9qlf+oN","c7anSPt1ZO4oWzIi2ADiCV@1221a","84lFU+MmdMYqJbanNFPXEi@08c68","25xmXpjcdJ0YHO3Oqo9sZw@b0347","4dLEFy3wRBiozG+rpXXVHa@eb64f","1emrmw0iRFy7+lll2Ou2mW","26eJrhCHRM75NyOdpLSzG5","6022MYFBdDPa2Fz/4epAxm","ffhfnclgxMqbZX8hpQiPAn","e4q/bQjh9DWrNMHc6ZEgLh","05mj6A2jhMNpQLceJZkOEz@64a99","0cRfRIduJJZo6fv9BtS7hv","73OHexbmFJaalpyeRLoXaH","16OeEXyXhCdJ+uMtbJrKfV@fa871","9d52ubud1LC4+HGCZ/Wkp3","b6jw6ssgxIXbk8KTaj43/a","522E3qQsBM+K4iyBV05D84","514JeeH4FFUJmAwbtNTCFK@5a251","514JeeH4FFUJmAwbtNTCFK@0de7c","514JeeH4FFUJmAwbtNTCFK@72d4f","514JeeH4FFUJmAwbtNTCFK@e7ea6","514JeeH4FFUJmAwbtNTCFK@3c259","514JeeH4FFUJmAwbtNTCFK@3206f","514JeeH4FFUJmAwbtNTCFK@7fac1","514JeeH4FFUJmAwbtNTCFK@57c1b","514JeeH4FFUJmAwbtNTCFK@8a20d","514JeeH4FFUJmAwbtNTCFK@82075","514JeeH4FFUJmAwbtNTCFK@e86eb","514JeeH4FFUJmAwbtNTCFK@3f3fa","514JeeH4FFUJmAwbtNTCFK@20be0","514JeeH4FFUJmAwbtNTCFK@c08da","514JeeH4FFUJmAwbtNTCFK@7924b","514JeeH4FFUJmAwbtNTCFK@e66e9","514JeeH4FFUJmAwbtNTCFK@ec8c3","514JeeH4FFUJmAwbtNTCFK@7b567","514JeeH4FFUJmAwbtNTCFK@d9961","514JeeH4FFUJmAwbtNTCFK@20a05","eah2nn5yFDLLBSD+fMyDj0@6c48a","50OMk98qZPw5AnJGf5Osu0@6c48a","a425Ej9JNAEoLS2o73P4hF@98516","d1hgJWhmFAc4IwYpV4t904","faCZkDC2JCrarrZYZXWWE5@79a05","84zMHRp3JOyrhzX7/sm0iS@dc242","baWddbYAdDPpR2fcNEIGbn","bf6AC+kaxOZrscVE3fuBeD@c8a90","6eKb47judBiYwRl7zwryLW@8119d","20mk6raxVLILJviT6jXj7G@c2696","a7EnlgxR5BGKMrSvx7j8FA","31XZy09FlH+aM+z+N8C5RB","eerI9jxNZLBbtgH+dzDNXv","41UuBHMF1HkLm0h6KVf9h8@3f2b7","41UuBHMF1HkLm0h6KVf9h8@5360e","41UuBHMF1HkLm0h6KVf9h8@25599","41UuBHMF1HkLm0h6KVf9h8@429bb","41UuBHMF1HkLm0h6KVf9h8@89808","41UuBHMF1HkLm0h6KVf9h8@20c3b","41UuBHMF1HkLm0h6KVf9h8@e435f","41UuBHMF1HkLm0h6KVf9h8@11bff","41UuBHMF1HkLm0h6KVf9h8@79f87","41UuBHMF1HkLm0h6KVf9h8@fbcab","41UuBHMF1HkLm0h6KVf9h8@229d8","41UuBHMF1HkLm0h6KVf9h8@6d6d6","41UuBHMF1HkLm0h6KVf9h8@a1da4","41UuBHMF1HkLm0h6KVf9h8@cf814","41UuBHMF1HkLm0h6KVf9h8@10c9d","41UuBHMF1HkLm0h6KVf9h8@cd7a2","41UuBHMF1HkLm0h6KVf9h8@479e1","41UuBHMF1HkLm0h6KVf9h8@61a06","41UuBHMF1HkLm0h6KVf9h8@f8091","41UuBHMF1HkLm0h6KVf9h8@78c72","41UuBHMF1HkLm0h6KVf9h8@84bee","eahaZHrPNPoLhk3cWqFghY","17Z9ASBRlKUqegmKWiH8ep","66ZyzwSF5DhbzWZFo6+Cg8@b62ce","66ZyzwSF5DhbzWZFo6+Cg8@9b8a3","66ZyzwSF5DhbzWZFo6+Cg8@2a466","66ZyzwSF5DhbzWZFo6+Cg8@ee7d0","66ZyzwSF5DhbzWZFo6+Cg8@fb49b","66ZyzwSF5DhbzWZFo6+Cg8@88b0c","66ZyzwSF5DhbzWZFo6+Cg8@04d1c","66ZyzwSF5DhbzWZFo6+Cg8@4eb57","66ZyzwSF5DhbzWZFo6+Cg8@b097b","66ZyzwSF5DhbzWZFo6+Cg8@c17f4","66ZyzwSF5DhbzWZFo6+Cg8@d2a68","66ZyzwSF5DhbzWZFo6+Cg8@04860","66ZyzwSF5DhbzWZFo6+Cg8@20f74","66ZyzwSF5DhbzWZFo6+Cg8@a59f3","66ZyzwSF5DhbzWZFo6+Cg8@2da8c","66ZyzwSF5DhbzWZFo6+Cg8@76ea2","66ZyzwSF5DhbzWZFo6+Cg8@0c50d","66ZyzwSF5DhbzWZFo6+Cg8@5a680","66ZyzwSF5DhbzWZFo6+Cg8@54af7","66ZyzwSF5DhbzWZFo6+Cg8@3e39c","66ZyzwSF5DhbzWZFo6+Cg8@751e0","66ZyzwSF5DhbzWZFo6+Cg8@4b136","66ZyzwSF5DhbzWZFo6+Cg8@64046","66ZyzwSF5DhbzWZFo6+Cg8@b2e0f","66ZyzwSF5DhbzWZFo6+Cg8@f52c6","66ZyzwSF5DhbzWZFo6+Cg8@5a603","66ZyzwSF5DhbzWZFo6+Cg8@6b67f","66ZyzwSF5DhbzWZFo6+Cg8@535d3","66ZyzwSF5DhbzWZFo6+Cg8@b0d23","66ZyzwSF5DhbzWZFo6+Cg8@1ff94","66ZyzwSF5DhbzWZFo6+Cg8@e5190","29bBXvEaNE35FafpC6bUin@6c48a","6aBOgxGqZKrp0z8RdVkG9M@6c48a","d12iu5wGJGVYujAUTR3/Ik@6c48a","71sTSBtOVNEYU16f23q+DJ@6c48a","3bcY6dS5JHE7O7TAuszRPL@6c48a","07Iyb0m0ZB2LCri3wI6dfm@6c48a","8fwUR75YtILJpn0tOlyLAK@6c48a","95veNyQvVAr4tMRjo8X/6U@6c48a","d9czcWLcVK5KKnujyd0tVw@6c48a","6cK/TcGVtM8LAFu0J61+hO@6c48a","e390WrwhxEhrZ1Nfy/a5uQ@6c48a","54kLtAw85JzouEAGItkllY","27jhM8TnhGRpe8DupBTAlp@1d338","05mj6A2jhMNpQLceJZkOEz@58cd9","05mj6A2jhMNpQLceJZkOEz@f9997","05mj6A2jhMNpQLceJZkOEz@ba7f7","4cz5mQbHBGj4qczUIzhDEx@693c8","05mj6A2jhMNpQLceJZkOEz@85cde","05mj6A2jhMNpQLceJZkOEz@4658f","05mj6A2jhMNpQLceJZkOEz@2bfaf","05mj6A2jhMNpQLceJZkOEz@f02be","05mj6A2jhMNpQLceJZkOEz@efa96","05mj6A2jhMNpQLceJZkOEz@8c00c","05mj6A2jhMNpQLceJZkOEz@239a0","90jOFYbFNIvY+ihcJUlVwW@dc959","05mj6A2jhMNpQLceJZkOEz@3cb83","05mj6A2jhMNpQLceJZkOEz@96483","05mj6A2jhMNpQLceJZkOEz@29785","05mj6A2jhMNpQLceJZkOEz@23123","05mj6A2jhMNpQLceJZkOEz@06675","05mj6A2jhMNpQLceJZkOEz@1eeac","faCZkDC2JCrarrZYZXWWE5@0014d","faCZkDC2JCrarrZYZXWWE5@7dd10","faCZkDC2JCrarrZYZXWWE5@5c93a","faCZkDC2JCrarrZYZXWWE5@f5fdb","faCZkDC2JCrarrZYZXWWE5@56e0d","70Tt7O50JHepJcXCYvntMx","6cYylFB7ZB6rb4lfkywLBv@b7bc8","38Jncd9tZEwbappyzNxNFy","faCZkDC2JCrarrZYZXWWE5@cfb94","d7ur6kCaRNzrwuq4I9LS+g@375af","2dewTQLkNCipaACHy8Edct","84zMHRp3JOyrhzX7/sm0iS@51eb3","84zMHRp3JOyrhzX7/sm0iS@19c7b","84zMHRp3JOyrhzX7/sm0iS@1c75e","84zMHRp3JOyrhzX7/sm0iS@1c6bd","48iRFbSpNB2rVbNj8cFMdy","778hXx7gVFcruIhmE9duCG@48eec","88223zNtBMroKN5Mhm4K3r","778hXx7gVFcruIhmE9duCG@17f4d","f5qEUXLi5NXI6eRVIJmRlh","b1AhzxCfJLDoHjXtLyVpDZ@578e2","33OFeEWBZF9I1IhDjuWjZT","e3mTZ/vUVMZZo/vygPP4zw@d3851","84HKWDMElEY5Yh21st+a9+@3fb6d","87Gb3WpHBEL6I+Fqi6Z+kz","f7JQvEIM1LXIXUq0LLFWdC@62b98","d5eL8QMNNNsL08+nT18FAA@9faa9","69OXVKxhdN+YAGQ8BZ6iiK@62ded","eeJwo2EW5Gfbw+HS5Jq5IC","3afMya1QlBXKUELd45ID8L","56pkWGH4dAPZgmVB30poiB","44bZKhH3lISKk2mElBA5r4","b53Uq+betI1LvlDogglJvM","4fl/Nf5mJIB64MxsrZyta1@ec43d","20mk6raxVLILJviT6jXj7G@47e94","20mk6raxVLILJviT6jXj7G@438fe","d4GBowU6NEtp00H1jbNjzo@0205f","d4GBowU6NEtp00H1jbNjzo@1952d","d4GBowU6NEtp00H1jbNjzo@939c0","48J96mBdFHbZc031UGUCmG@b5060","49f60iAGxLkbfnzOK0gY8a","5b5kO8EX9Eh7ElHOyokpoc","d2E4Wui99J27+xM1+hcYbz","79vUSUzj5Bcoa+HqU0qJL8","c37WYNNVhOAIp34MJiWr7O","26JlPTAx5L1K+yLFAhBx3x","69bBH84WpA+7t3zNQMeppN","4cz5mQbHBGj4qczUIzhDEx@2f40a","4cz5mQbHBGj4qczUIzhDEx@388bc","aaom07lU1ODLYBnPDdiO4K","47NETZpeNBoJuBKhY1IGpi@f17ba","b6CEnPtcdMaZ66XNhMCOjf@6c48a","76WNdyhj1A5ppDKlBk3EjI@6c48a","49vr+uW7VPvawxnmF+zvgP@6c48a","8d6tJMP/dEnoCnqEK4IIcw@6c48a","a1t0yYlktA+ItDa89nmZgk@6c48a","3ctdSNPWhJTpfnfKdigcV+@6c48a","8ctiXSZEdEB47AyKuktOq2@6c48a","de/7B0ERNONr6Rz9zbmlhB@6c48a","00d//ZGVZCqres5YHXDSFD@6c48a","9642xm3RVAlJzlmyjXqlvc@6c48a","38o8Kx6kdB2ZgwLZ3g/TKf@6c48a","f18ktmqk5MdrO0LqSL4QwF@6c48a","d6VhRQo+dDFKrg1JsPuXE8@6c48a"],["node","_mesh","_parent","mainTexture","_effectAsset","emissiveMap","root","target","data","_skeleton","_defaultClip"],[["cc.Node",["_name","_active","_prefab","_parent","_components","_lpos","_lscale","_lrot","_euler","_children"],1,4,1,9,5,5,5,5,12],["cc.Node",["_name","_active","_children","_prefab","_lpos","_parent","_lrot","_euler","_lscale","_components"],1,2,4,5,1,5,5,5,9],["cc.MeshRenderer",["_shadowCastingMode","_shadowReceivingMode","node","__prefab","_materials","lightmapSettings","_mesh"],1,1,4,3,4,6],["8f1871qB5BLN4SPXdLouIdi",["sid","id","node","__prefab"],1,1,4],["cc.Material",["_states","_defines","_techIdx","_props"],0,12],["cc.Node",["_name","_parent","_children","_prefab","_lpos","_lrot","_euler"],2,1,9,4,5,5,5],["388b0KuytlDebueysMAyexs",["id","sid","isVideoFood","node","__prefab"],0,1,4],["eaa3aT6crpN/6jxYJJ1eRpI",["isCircle","node","__prefab"],2,1,4],["cc.Mesh",["_native","_hash","_struct"],1,11],["cc.Skeleton",["_name","_hash","_joints","_bindposes"],0,12],["cc.Prefab",["_name"],2],["cc.PrefabInfo",["fileId","root","asset"],2,1,1],["cc.CompPrefabInfo",["fileId"],2],["cc.ModelLightmapSettings",[],3],["cc.SkeletalAnimation",["playOnLoad","node","__prefab","_clips","_sockets","_defaultClip"],2,1,4,3,9,6],["cc.SkeletalAnimation.Socket",["path","target"],2,1],["bd3a3/zw/xGwKgzJYqZPOb8",["id","node","__prefab"],2,1,4],["cc.SkinnedMeshRenderer",["_shadowCastingMode","_shadowReceivingMode","node","__prefab","_materials","lightmapSettings","_skinningRoot","_mesh","_skeleton"],1,1,4,3,4,1,6,6]],[[11,0,1,2,2],[12,0,2],[13,1],[2,0,1,2,3,4,5,6,3],[0,0,3,4,2,5,7,8,2],[8,0,1,2,3],[0,0,3,4,2,5,7,6,8,2],[2,2,3,4,5,6,1],[2,1,2,3,4,5,6,2],[4,2,0,1,3,4],[0,0,3,2,5,2],[0,0,3,4,2,5,2],[1,0,5,2,9,3,4,6,8,7,2],[0,0,3,4,2,5,6,2],[1,0,5,2,3,4,6,7,2],[0,0,3,2,2],[7,0,1,2,2],[2,0,2,3,4,5,6,2],[4,0,1,3,3],[0,0,3,9,4,2,5,2],[1,0,5,2,3,2],[0,0,3,4,2,2],[1,0,2,3,2],[7,1,2,1],[1,0,5,2,3,4,2],[5,0,1,2,3,4,5,6,2],[3,1,0,2,3,3],[6,0,1,3,4,3],[1,0,2,3,4,8,2],[1,0,1,5,2,3,3],[1,0,5,2,3,4,6,8,7,2],[5,0,1,2,3,2],[15,0,1,2],[0,0,1,3,2,5,3],[0,0,3,4,2,7,8,2],[1,0,5,2,3,4,8,2],[1,0,5,2,9,3,4,6,7,2],[16,0,1,2,2],[6,0,1,2,3,4,4],[9,0,1,2,3,4],[10,0,2],[0,0,9,2,2],[0,0,3,2,5,6,2],[0,0,3,4,2,6,2],[0,0,1,3,4,2,5,7,6,8,3],[0,0,3,4,2,7,6,8,2],[1,0,2,9,3,4,6,8,7,2],[1,0,2,3,4,2],[1,0,2,3,4,6,7,2],[1,0,1,5,2,3,4,3],[1,0,5,2,9,3,6,8,7,2],[2,0,1,2,3,4,5,3],[14,0,1,2,3,4,5,2],[3,0,2,3,2],[3,1,2,3,2],[17,0,1,2,3,4,5,6,7,8,3]],[[[[5,".bin",3263564329,[{"primitives":[{"primitiveMode":7,"vertexBundelIndices":[0],"indexView":{"offset":10560,"length":4008,"count":1002,"stride":4}}],"vertexBundles":[{"view":{"offset":0,"length":10560,"count":220,"stride":48},"attributes":[{"name":"a_position","format":32,"isNormalized":false},{"name":"a_normal","format":32,"isNormalized":false},{"name":"a_texCoord","format":21,"isNormalized":false},{"name":"a_tangent","format":44,"isNormalized":false}]}]},"minPosition",8,[1,-0.0019485222874209285,-0.0014756880700588226,-0.0019485221710056067],"maxPosition",8,[1,0.0019485222874209285,0.00138117338065058,0.0019485225202515721]]],-1],0,0,[],[],[]],[[[5,".bin",1373870681,[{"primitives":[{"primitiveMode":7,"vertexBundelIndices":[0],"indexView":{"offset":12864,"length":2640,"count":660,"stride":4}}],"vertexBundles":[{"view":{"offset":0,"length":12864,"count":268,"stride":48},"attributes":[{"name":"a_position","format":32,"isNormalized":false},{"name":"a_normal","format":32,"isNormalized":false},{"name":"a_texCoord","format":21,"isNormalized":false},{"name":"a_tangent","format":44,"isNormalized":false}]}]},"minPosition",8,[1,-0.0019041310297325253,0.000023972623239387758,-0.0021870420314371586],"maxPosition",8,[1,0.0019041310297325253,0.00715714693069458,0.0024931589141488075]]],-1],0,0,[],[],[]],[[[5,".bin",91219227,[{"primitives":[{"primitiveMode":7,"vertexBundelIndices":[0],"indexView":{"offset":2688,"length":552,"count":138,"stride":4}}],"vertexBundles":[{"view":{"offset":0,"length":2688,"count":56,"stride":48},"attributes":[{"name":"a_position","format":32,"isNormalized":false},{"name":"a_normal","format":32,"isNormalized":false},{"name":"a_texCoord","format":21,"isNormalized":false},{"name":"a_tangent","format":44,"isNormalized":false}]}]},"minPosition",8,[1,-0.00021662026119884104,-0.00021661997016053647,-0.00011349096894264221],"maxPosition",8,[1,0.00021662026119884104,0.0002166211634175852,0.0001134896301664412]]],-1],0,0,[],[],[]],[[[5,".bin",91219227,[{"primitives":[{"primitiveMode":7,"vertexBundelIndices":[0],"indexView":{"offset":2688,"length":552,"count":138,"stride":4}}],"vertexBundles":[{"view":{"offset":0,"length":2688,"count":56,"stride":48},"attributes":[{"name":"a_position","format":32,"isNormalized":false},{"name":"a_normal","format":32,"isNormalized":false},{"name":"a_texCoord","format":21,"isNormalized":false},{"name":"a_tangent","format":44,"isNormalized":false}]}]},"minPosition",8,[1,-0.00021662026119884104,-0.00021661997016053647,-0.00011349096894264221],"maxPosition",8,[1,0.00021662026119884104,0.0002166211634175852,0.0001134896301664412]]],-1],0,0,[],[],[]],[[[5,".bin",3991857849,[{"primitives":[{"primitiveMode":7,"vertexBundelIndices":[0],"indexView":{"offset":8832,"length":2040,"count":510,"stride":4}}],"vertexBundles":[{"view":{"offset":0,"length":8832,"count":184,"stride":48},"attributes":[{"name":"a_position","format":32,"isNormalized":false},{"name":"a_normal","format":32,"isNormalized":false},{"name":"a_texCoord","format":21,"isNormalized":false},{"name":"a_tangent","format":44,"isNormalized":false}]}]},"minPosition",8,[1,-0.001295575057156384,-0.00038352966657839715,-0.003822712227702141],"maxPosition",8,[1,0.0014474563067778945,0.0023147142492234707,0.00020356416644062847]]],-1],0,0,[],[],[]],[[[5,".bin",2441657288,[{"primitives":[{"primitiveMode":7,"vertexBundelIndices":[0],"indexView":{"offset":3744,"length":768,"count":192,"stride":4}}],"vertexBundles":[{"view":{"offset":0,"length":3744,"count":78,"stride":48},"attributes":[{"name":"a_position","format":32,"isNormalized":false},{"name":"a_normal","format":32,"isNormalized":false},{"name":"a_texCoord","format":21,"isNormalized":false},{"name":"a_tangent","format":44,"isNormalized":false}]}]},"minPosition",8,[1,-0.0003448969218879938,-0.00041744709596969187,-0.0007374587585218251],"maxPosition",8,[1,0.0003231209411751479,0.0005236728466115892,0.0007374587585218251]]],-1],0,0,[],[],[]],[[[5,".bin",189507579,[{"primitives":[{"primitiveMode":7,"vertexBundelIndices":[0],"indexView":{"offset":30336,"length":5472,"count":1368,"stride":4}}],"vertexBundles":[{"view":{"offset":0,"length":30336,"count":632,"stride":48},"attributes":[{"name":"a_position","format":32,"isNormalized":false},{"name":"a_normal","format":32,"isNormalized":false},{"name":"a_texCoord","format":21,"isNormalized":false},{"name":"a_tangent","format":44,"isNormalized":false}]}]},"minPosition",8,[1,-0.0007855261792428792,0.000051747974794125184,-0.0007855259464122355],"maxPosition",8,[1,0.0007855263538658619,0.0026801046915352345,0.0007855265866965055]]],-1],0,0,[],[],[]],[[[5,".bin",3554549409,[{"primitives":[{"primitiveMode":7,"vertexBundelIndices":[0],"indexView":{"offset":4992,"length":1176,"count":294,"stride":4}}],"vertexBundles":[{"view":{"offset":0,"length":4992,"count":104,"stride":48},"attributes":[{"name":"a_position","format":32,"isNormalized":false},{"name":"a_normal","format":32,"isNormalized":false},{"name":"a_texCoord","format":21,"isNormalized":false},{"name":"a_tangent","format":44,"isNormalized":false}]}]},"minPosition",8,[1,-0.000530678778886795,-0.0005306798266246915,-0.00023822963703423738],"maxPosition",8,[1,0.000530678837094456,0.000530677440110594,0.00024720668443478644]]],-1],0,0,[],[],[]],[[[5,".bin",1581898554,[{"primitives":[{"primitiveMode":7,"vertexBundelIndices":[0],"indexView":{"offset":20832,"length":5040,"count":1260,"stride":4}}],"vertexBundles":[{"view":{"offset":0,"length":20832,"count":434,"stride":48},"attributes":[{"name":"a_position","format":32,"isNormalized":false},{"name":"a_normal","format":32,"isNormalized":false},{"name":"a_texCoord","format":21,"isNormalized":false},{"name":"a_tangent","format":44,"isNormalized":false}]}]},"minPosition",8,[1,-0.002647864632308483,0.000011455549611127935,-0.0018740205559879541],"maxPosition",8,[1,0.003376513021066785,0.004794552456587553,0.001874020672403276]]],-1],0,0,[],[],[]],[[[5,".bin",1602235515,[{"primitives":[{"primitiveMode":7,"vertexBundelIndices":[0],"indexView":{"offset":15456,"length":1920,"count":480,"stride":4}}],"vertexBundles":[{"view":{"offset":0,"length":15456,"count":322,"stride":48},"attributes":[{"name":"a_position","format":32,"isNormalized":false},{"name":"a_normal","format":32,"isNormalized":false},{"name":"a_texCoord","format":21,"isNormalized":false},{"name":"a_tangent","format":44,"isNormalized":false}]}]},"minPosition",8,[1,-0.04020069167017937,-0.00001986286588362418,-2.1457672971791908e-8],"maxPosition",8,[1,-3.814697180359872e-8,0.000019862940462189727,0.04020063579082489]]],-1],0,0,[],[],[]],[[[5,".bin",4291406490,[{"primitives":[{"primitiveMode":7,"vertexBundelIndices":[0],"indexView":{"offset":4992,"length":1176,"count":294,"stride":4}}],"vertexBundles":[{"view":{"offset":0,"length":4992,"count":104,"stride":48},"attributes":[{"name":"a_position","format":32,"isNormalized":false},{"name":"a_normal","format":32,"isNormalized":false},{"name":"a_texCoord","format":21,"isNormalized":false},{"name":"a_tangent","format":44,"isNormalized":false}]}]},"minPosition",8,[1,-0.0003302565310150385,-0.0007356725400313735,-0.0007356724818237126],"maxPosition",8,[1,0.0003426969051361084,0.0007356725400313735,0.0007356724818237126]]],-1],0,0,[],[],[]],[[[9,"1",[{"rasterizerState":{},"depthStencilState":{},"blendState":{"targets":[{}]}}],[{"USE_TEXTURE":true}],[[[{},"mainTexture",6,0]],11]]],0,0,[0,0],[3,4],[124,7]],[[[39,"Skin-0",429641674,["mixamorig:Hips","mixamorig:Hips/mixamorig:Spine/mixamorig:Spine1/mixamorig:Spine2/mixamorig:Neck/mixamorig:Head","mixamorig:Hips/mixamorig:Spine/mixamorig:Spine1/mixamorig:Spine2","mixamorig:Hips/mixamorig:Spine/mixamorig:Spine1/mixamorig:Spine2/mixamorig:LeftShoulder","mixamorig:Hips/mixamorig:Spine/mixamorig:Spine1/mixamorig:Spine2/mixamorig:LeftShoulder/mixamorig:LeftArm","mixamorig:Hips/mixamorig:Spine/mixamorig:Spine1","mixamorig:Hips/mixamorig:Spine/mixamorig:Spine1/mixamorig:Spine2/mixamorig:LeftShoulder/mixamorig:LeftArm/mixamorig:LeftForeArm","mixamorig:Hips/mixamorig:Spine/mixamorig:Spine1/mixamorig:Spine2/mixamorig:LeftShoulder/mixamorig:LeftArm/mixamorig:LeftForeArm/mixamorig:LeftHand","mixamorig:Hips/mixamorig:Spine/mixamorig:Spine1/mixamorig:Spine2/mixamorig:RightShoulder","mixamorig:Hips/mixamorig:Spine/mixamorig:Spine1/mixamorig:Spine2/mixamorig:RightShoulder/mixamorig:RightArm","mixamorig:Hips/mixamorig:Spine/mixamorig:Spine1/mixamorig:Spine2/mixamorig:RightShoulder/mixamorig:RightArm/mixamorig:RightForeArm","mixamorig:Hips/mixamorig:Spine/mixamorig:Spine1/mixamorig:Spine2/mixamorig:RightShoulder/mixamorig:RightArm/mixamorig:RightForeArm/mixamorig:RightHand","mixamorig:Hips/mixamorig:LeftUpLeg","mixamorig:Hips/mixamorig:RightUpLeg","mixamorig:Hips/mixamorig:LeftUpLeg/mixamorig:LeftLeg","mixamorig:Hips/mixamorig:LeftUpLeg/mixamorig:LeftLeg/mixamorig:LeftFoot/mixamorig:LeftToeBase","mixamorig:Hips/mixamorig:LeftUpLeg/mixamorig:LeftLeg/mixamorig:LeftFoot","mixamorig:Hips/mixamorig:RightUpLeg/mixamorig:RightLeg","mixamorig:Hips/mixamorig:RightUpLeg/mixamorig:RightLeg/mixamorig:RightFoot/mixamorig:RightToeBase","mixamorig:Hips/mixamorig:RightUpLeg/mixamorig:RightLeg/mixamorig:RightFoot","mixamorig:Hips/mixamorig:Spine/mixamorig:Spine1/mixamorig:Spine2/mixamorig:Neck","mixamorig:Hips/mixamorig:Spine"],[[[7,1,0,0,0,0,1.2246468525851679e-16,-1,0,0,1,1.2246468525851679e-16,0,-0.000014963746252760757,-0.007936455309391022,-0.0014366693794727325,1],[7,1,0,0,0,0,1.2246468525851679e-16,-1,0,0,1,1.2246468525851679e-16,0,-0.000014963746252760757,-0.014666118659079075,-0.003242666367441416,1],[7,1,0,0,0,0,-0.10472560673952103,-0.9945011138916016,0,0,0.9945011138916016,-0.10472560673952103,0,-0.000014963746252760757,-0.011230512522161007,-0.0005976189859211445,1],[7,-0.18531440198421478,0.8783832788467407,-0.44056937098503113,0,0.9780417680740356,0.20836970210075378,0.004047578666359186,0,0.09535663574934006,-0.43014517426490784,-0.8977094292640686,0,0.0006753048510290682,0.004853013437241316,0.011263225227594376,1],[7,0.39409446716308594,0.8675175309181213,0.30348455905914307,0,0.19345611333847046,-0.4011106491088867,0.8953686356544495,0,0.8984789252281189,-0.29414886236190796,-0.3259020447731018,0,-0.010895069688558578,0.0006490639643743634,0.004124457947909832,1],[7,1,0,0,0,0,-0.10472560673952103,-0.9945011138916016,0,0,0.9945011138916016,-0.10472560673952103,0,-0.000014963746252760757,-0.010016324929893017,-0.0005976189859211445,1],[7,0.049187324941158295,0.9323509931564331,0.3581930100917816,0,-0.9954847097396851,0.016613341867923737,0.09345731884241104,0,0.08118423819541931,-0.3611725866794586,0.9289582371711731,0,-0.0034357407130301,-0.0005362809170037508,-0.01128370687365532,1],[7,0.049187324941158295,0.9323509931564331,0.3581930100917816,0,-0.9954847097396851,0.016613341867923737,0.09345731884241104,0,0.08118423819541931,-0.3611725866794586,0.9289582371711731,0,-0.0034357407130301,-0.0029801339842379093,-0.01128370687365532,1],[7,0.27524468302726746,-0.8783832788467407,0.3907468616962433,0,-0.9562810063362122,-0.20836961269378662,0.20520411431789398,0,-0.09882809966802597,-0.43014514446258545,-0.8973339200019836,0,-0.000599569408223033,0.0040818676352500916,0.011631865054368973,1],[7,0.06022409349679947,-0.9470207691192627,0.3154755234718323,0,-0.9784455895423889,0.006534853018820286,0.20640155673027039,0,-0.19752813875675201,-0.32110595703125,-0.9262146949768066,0,-0.00006392184150172397,0.001333350781351328,0.011777572333812714,1],[7,0.08596116304397583,-0.9324096441268921,0.35103121399879456,0,-0.9782612919807434,-0.01225227676331997,0.20701389014720917,0,-0.18872082233428955,-0.3611953854560852,-0.9131935238838196,0,-0.0000360628982889466,-0.0005780337960459292,0.011807925067842007,1],[7,0.08596116304397583,-0.9324096441268921,0.35103121399879456,0,-0.9782612919807434,-0.01225227676331997,0.20701389014720917,0,-0.18872082233428955,-0.3611953854560852,-0.9131935238838196,0,-0.00003606291284086183,-0.003021733369678259,0.011807925067842007,1],[7,-0.9867764115333557,0.16208715736865997,-3.321219688157129e-10,0,-0.032886214554309845,-0.20020921528339386,-0.979201078414917,0,-0.15871590375900269,-0.9662525653839111,0.20289216935634613,0,0.0031178374774754047,0.006531677208840847,-0.003088629338890314,1],[7,-0.9867505431175232,-0.1622450202703476,-5.442755135476318e-10,0,0.032141637057065964,-0.19548073410987854,-0.9801807403564453,0,0.15902943909168243,-0.9671937823295593,0.19810552895069122,0,-0.0030892635695636272,0.006535499356687069,-0.0031315668020397425,1],[7,-0.9660389423370361,0.2515008747577667,0.05929633975028992,0,-0.05242662504315376,0.03393401950597763,-0.9980480670928955,0,-0.25302213430404663,-0.9672619700431824,-0.019596243277192116,0,0.0033816879149526358,0.003156373044475913,-0.0024291351437568665,1],[7,0.07485363632440567,-0.9804500937461853,0.1819741129875183,0,0.9959477782249451,0.06438246369361877,-0.06279203295707703,0,0.049848511815071106,0.18593692779541016,0.9812964200973511,0,0.001956184394657612,0.0030651509296149015,-0.0011818675557151437,1],[7,0.03862279653549194,-0.9903234243392944,-0.13329589366912842,0,0.9982372522354126,0.04425438493490219,-0.039546895772218704,0,0.04506314545869827,-0.13153351843357086,0.9902869462966919,0,0.002074991352856159,0.003616188419982791,-0.00016559514915570617,1],[7,-0.9662637710571289,-0.25159773230552673,-0.055071841925382614,0,0.0510229729115963,0.022593144327402115,-0.9984418749809265,0,0.25244995951652527,-0.9675681591033936,-0.008993673138320446,0,-0.003351376624777913,0.003139495151117444,-0.002518509980291128,1],[7,-0.040176041424274445,0.9814862012863159,-0.1872718632221222,0,-0.9985174536705017,-0.046326179057359695,-0.028578918427228928,0,-0.036725401878356934,0.18584603071212769,0.9818923473358154,0,-0.00237041967920959,0.0027910107746720314,-0.0011183468159288168,1],[7,0.15591399371623993,0.978062093257904,0.13814949989318848,0,-0.9857235550880432,0.16306111216545105,-0.04195310175418854,0,-0.06355955451726913,-0.12963615357875824,0.989522397518158,0,-0.0017312717391178012,0.0038253478705883026,-0.00016187205619644374,1],[7,1,0,0,0,0,1.2246468525851679e-16,-1,0,0,1,1.2246468525851679e-16,0,-0.000014963746252760757,-0.012464621104300022,-0.0019135060720145702,1],[7,1,0,0,0,0,-0.10472559928894043,-0.9945011138916016,0,0,0.9945011138916016,-0.10472559928894043,0,-0.000014963746252760757,-0.008953911252319813,-0.0005976191605441272,1]],8,8,8,8,8,8,8,8,8,8,8,8,8,8,8,8,8,8,8,8,8,8]]],0,0,[],[],[]],[[[5,".bin",2849819660,[{"primitives":[{"primitiveMode":7,"jointMapIndex":0,"vertexBundelIndices":[0],"indexView":{"offset":122040,"length":29184,"count":7296,"stride":4}}],"vertexBundles":[{"view":{"offset":0,"length":122040,"count":1695,"stride":72},"attributes":[{"name":"a_position","format":32,"isNormalized":false},{"name":"a_normal","format":32,"isNormalized":false},{"name":"a_texCoord","format":21,"isNormalized":false},{"name":"a_tangent","format":44,"isNormalized":false},{"name":"a_joints","format":42,"isNormalized":false},{"name":"a_weights","format":44,"isNormalized":false}]}],"jointMaps":[[0,1,2,3,4,5,6,7,8,9,10,11,12,13,14,15,16,17,18,19,20,21]]},"minPosition",8,[1,-0.007744512055069208,-0.013103452511131763,0.000036095978430239484],"maxPosition",8,[1,0.007774439640343189,0.005804939195513725,0.023992247879505157]]],-1],0,0,[],[],[]],[[[5,".bin",638169348,[{"primitives":[{"primitiveMode":7,"vertexBundelIndices":[0],"indexView":{"offset":13824,"length":2496,"count":624,"stride":4}}],"vertexBundles":[{"view":{"offset":0,"length":13824,"count":288,"stride":48},"attributes":[{"name":"a_position","format":32,"isNormalized":false},{"name":"a_normal","format":32,"isNormalized":false},{"name":"a_texCoord","format":21,"isNormalized":false},{"name":"a_tangent","format":44,"isNormalized":false}]}]},"minPosition",8,[1,-0.0010539292125031352,-0.0022441777400672436,-0.001854166155681014],"maxPosition",8,[1,0.0010539268841966987,0.0022441777400672436,0.0018541712779551744]]],-1],0,0,[],[],[]],[[[9,"1",[{"rasterizerState":{},"depthStencilState":{},"blendState":{"targets":[{}]}}],[{"USE_TEXTURE":true}],[[[{},"tilingOffset",8,[2,1.5,1,-0.26,0],"mainTexture",6,0]],11]]],0,0,[0,0],[3,4],[125,7]],[[[5,".bin",1002918005,[{"primitives":[{"primitiveMode":7,"vertexBundelIndices":[0],"indexView":{"offset":192,"length":24,"count":6,"stride":4}}],"vertexBundles":[{"view":{"offset":0,"length":192,"count":4,"stride":48},"attributes":[{"name":"a_position","format":32,"isNormalized":false},{"name":"a_normal","format":32,"isNormalized":false},{"name":"a_texCoord","format":21,"isNormalized":false},{"name":"a_tangent","format":44,"isNormalized":false}]}]},"minPosition",8,[1,-5.686394214630127,-3.852365732192993,-2.0766565799713135],"maxPosition",8,[1,5.6863932609558105,3.8523669242858887,-2.0766563415527344]]],-1],0,0,[],[],[]],[[[18,[{"rasterizerState":{},"depthStencilState":{},"blendState":{"targets":[{}]}},{},{}],[{"USE_ALBEDO_MAP":true,"USE_EMISSIVE_MAP":true},{},{}],[[[{"roughness":1,"metallic":0},"mainColor",8,[4,4291480266],"mainTexture",6,0,"emissiveMap",6,1],{},{}],11,0,0]]],0,0,[0,0,0],[3,5,4],[12,12,9]],[[[9,"1",[{"rasterizerState":{},"depthStencilState":{},"blendState":{"targets":[{}]}}],[{"USE_TEXTURE":true}],[[[{"progress":-0.1},"mainTexture",6,0]],11]]],0,0,[0,0],[3,4],[126,18]],[[[18,[{"rasterizerState":{},"depthStencilState":{},"blendState":{"targets":[{}]}},{},{}],[{"USE_ALBEDO_MAP":true,"USE_EMISSIVE_MAP":true},{},{}],[[[{"roughness":1},"emissive",8,[4,4290361785],"mainTexture",6,0,"emissiveMap",6,1],{},{}],11,0,0]]],0,0,[0,0,0],[3,5,4],[50,50,9]],[[[18,[{"rasterizerState":{},"depthStencilState":{},"blendState":{"targets":[{}]}},{},{}],[{"USE_ALBEDO_MAP":true,"USE_EMISSIVE_MAP":true},{},{}],[[[{"roughness":1},"emissive",8,[4,4283979864],"mainTexture",6,0,"emissiveMap",6,1],{},{}],11,0,0]]],0,0,[0,0,0],[3,5,4],[51,51,9]],[[[9,"1",[{"priority":127,"rasterizerState":{},"depthStencilState":{},"blendState":{"targets":[{}]}}],[{"USE_TEXTURE":true}],[[[{},"mainColor",8,[4,1610612735],"mainTexture",6,0]],11]]],0,0,[0,0],[3,4],[127,7]],[[[40,"Env"],[41,"Env",[[-2,-3,-4,-5,-6,-7,[42,"SoldierArea",-9,[0,"82eZB0APVC06fTvI0j4SIs",-8,0],[1,-0.514,0,-1.921],[1,4.176,1,2.365]],[10,"BugSave",-11,[0,"b61kcujAZPjo/NmXFYdbD4",-10,0],[1,-0.194,0,-1.318]],-12,-13],1,1,1,1,1,1,4,4,1,1],[0,"b3Pz99jqREVKaMCXRSvySH",-1,0]],[22,"body",[-14,-15,-16,-17,-18,-19,-20,-21,-22,-23,-24,-25,-26,-27,-28,-29,-30,-31,-32,-33,-34,-35,-36,-37,-38,-39,-40,-41,-42,-43,-44],[0,"feFDlm4+RNCJWd+WF8NfKQ",1,0]],[22,"body",[-45,-46,-47,-48,-49,-50,-51,-52,-53,-54,-55,-56,-57,-58,-59,-60,-61,-62,-63,-64,-65,-66,-67,-68,-69,-70,-71,-72,-73,-74,-75],[0,"6drgfWbBBHd6jyJySsx73s",1,0]],[20,"HuanJing",1,[-76,-77,-78,-79,-80,-81,-82,-83,-84,-85,-86,-87,-88,-89,-90,-91,-92,-93,-94,-95,-96,-97,-98,-99,-100,-101,-102],[0,"42mgHfktpI05SMxkzIKoro",1,0]],[20,"Wall2",4,[-103,-104,-105,-106,-107,-108,-109,-110,-111,-112,-113,-114,-115,-116,-117,-118,-119,-120,-121,-122,-123,-124,-125,-126,-127,-128],[0,"dbhSdPiMNGjLb6uGOXVuHx",1,0]],[22,"body",[-129,-130,-131,-132,-133,-134,-135,-136,-137,-138,-139,-140,-141,-142,-143,-144,-145,-146,-147,-148,-149],[0,"a5BUoTQ3BAG6pUEav7ocxM",1,0]],[22,"body",[-150,-151,-152,-153,-154,-155,-156,-157,-158,-159,-160,-161,-162,-163,-164,-165,-166,-167,-168,-169,-170],[0,"d3TuK5kjhG45zpQ96vpixp",1,0]],[22,"body",[-171,-172,-173,-174,-175,-176,-177,-178,-179,-180,-181,-182,-183,-184,-185,-186,-187,-188,-189,-190],[0,"d15PJ0sdRNPIrHFhnpb9YN",1,0]],[22,"body",[-191,-192,-193,-194,-195,-196,-197,-198,-199,-200,-201,-202,-203,-204,-205,-206,-207,-208,-209,-210],[0,"b9Z6mn5B9AR4nAaBVG4u0+",1,0]],[22,"body",[-211,-212,-213,-214,-215,-216,-217,-218,-219,-220,-221,-222,-223,-224,-225,-226,-227,-228,-229,-230],[0,"56MPjFxW9HpayC5OAxctPu",1,0]],[14,"dimian",4,[-231,-232,-233,-234,-235,-236,-237,-238,-239,-240,-241,-242],[0,"57AFnSxHdDj555imMfaZZq",1,0],[1,1.603,-3.967,5.699],[3,0,1,0,6.123233995736766e-17],[1,0,180,0]],[12,"vegetablesoup",4,[-244,-245,-246,-247,-248,-249,-250,-251,-252],[[17,1,-243,[1,"37NKJB1ulE9bk8cOFb/NFp"],[59],[2],60]],[0,"f2AwjNUMBEFLr++X7yU9Wj",1,0],[1,-3.574,0.228,-2.731],[3,0,1,0,6.123233995736766e-17],[1,80,80,80],[1,0,180,0]],[20,"Area1",1,[-253,-254,-255,-256,-257,-258,-259,-260],[0,"caUENA9JpJTKEmJ3YEJE7q",1,0]],[28,"Ground",[-261,-262,-263,-264,-265,-266,-267,-268],[0,"e88Y0EUAdO2ab0WDrfpTf3",1,0],[1,0,0,-0.157],[1,0.88,0.88,0.88]],[35,"chugui",4,[-269,-270,-271,-272,-273,-274,-275],[0,"7coeiw3HpPE4uI+/leGG6Z",1,0],[1,0.974,-0.053,2.465],[1,1.1,1,1.607]],[46,"body",[-280,-281,-282,-283,-284],[[52,true,-279,[1,"217F+wgEZKE75GaxLixGhY"],[214,215],[[32,"mixamorig:Hips/mixamorig:Spine/mixamorig:Spine1/mixamorig:Spine2/mixamorig:RightShoulder/mixamorig:RightArm/mixamorig:RightForeArm/mixamorig:RightHand",-276],[32,"mixamorig:Hips/mixamorig:Spine/mixamorig:Spine1/mixamorig:Spine2/mixamorig:Neck/mixamorig:Head",-277],[32,"mixamorig:Hips/mixamorig:Spine/mixamorig:Spine1/mixamorig:Spine2",-278]],216]],[0,"b2BI0TKHdLfrdsvqwiVmcO",1,0],[1,-0.001000000000000112,0.381,0.0029999999999998916],[3,0,0.7071067811865475,0,0.7071067811865476],[1,10,10,10],[1,0,89.99999999999999,0]],[20,"Foods",13,[-285,-286,-287,-288,-289,-290,-291],[0,"cb7qi7N3dJBIfge2NdfzL3",1,0]],[12,"Coffe pot.001",4,[-293,-294,-295,-296,-297],[[17,1,-292,[1,"8bMfRlvbRPnZ/YAxnbZUin"],[40],[2],41]],[0,"9dEeLehYBArZDGsVSxeWlp",1,0],[1,-3.497,-0.011,1.575],[3,0,1,0,6.123233995736766e-17],[1,252.878,252.878,252.878],[1,0,180,0]],[28,"Ground",[-298,-299,-300,-301,-302,-303],[0,"e9OQXvWhFEvrQV07CtqA11",1,0],[1,0,0,-0.145],[1,0.88,0.88,0.88]],[12,"Tosater B",4,[-305,-306,-307,-308],[[17,1,-304,[1,"eb1UkmfbRPzr2XCIlEiYNF"],[10],[2],11]],[0,"98aXDovHxFV7nlZ84shXbO",1,0],[1,1.169,-0.006,1.392],[3,0,0.9996404462342791,0,-0.02681376983065581],[1,202.348,202.348,202.348],[1,0,183.073,0]],[19,"WorkerAnt",13,[[[15,"Lock",-310,[0,"b1GT+rl7ZBn5Cr0CiWrHvB",1,0]],[15,"Unlock",-311,[0,"a6KFWk/ThGhZcOfOT68NSk",1,0]],-312,[10,"Helpme",-313,[0,"4aDKanm61M4bNCl0aUJT0U",1,0],[1,0,0,0.4]]],4,4,1,4],[[53,1,-309,[1,"72i/XiiD9H5Le1+4TY0yY0"]]],[0,"c4U/TzQrBI7qToab7+nADn",1,0],[1,-0.572,0,-2.674]],[28,"Ground",[-314,-315,-316,-317,-318],[0,"2eNEmVCPBA0qVYo80P2W+E",1,0],[1,-0.568,0.131,-2.822],[1,0.88,0.88,0.88]],[19,"SoldierAnt",13,[[[15,"Lock",-320,[0,"8950sCNctJRYitxw3KX8bv",1,0]],[15,"Unlock",-321,[0,"81r/jaa3dAdbx2u8YlDl+l",1,0]],-322,[10,"Helpme",-323,[0,"a7HkGgDCRIQpfGbiW2SIBb",1,0],[1,0,0,0.4]]],4,4,1,4],[[26,1,2,-319,[1,"41M+mOsGRMor+hYbeawaMj"]]],[0,"a2CnjkDSdBlIaP98NKcniA",1,0],[1,-1.329,0,-2.675]],[47,"N_bingyiwo",[-324,-325,-326,-327,-328],[0,"10ckAtQoVKJJmIXt1ztJyM",1,0],[1,-1.346,0.2102,-2.63884]],[28,"Ground",[-329,-330,-331,-332,-333],[0,"cdxiKNuCNL8qYuhXyb6XCK",1,0],[1,-1.346,0.131,-2.821],[1,0.88,0.88,0.88]],[19,"ZhiZhu",13,[[-335,[15,"Lock",-336,[0,"a9gVobGm5F8otJLuArsxNf",1,0]],[15,"Unlock",-337,[0,"373kcaL75BjLTxhAa43KEG",1,0]],[15,"BuySuccess",-338,[0,"2ckCkXZd9OsZOZZGC2RtTY",1,0]]],1,4,4,4],[[26,8,1,-334,[1,"f2xkOvWAxIMZfUazVecUUl"]]],[0,"20EK/33OhKWpJX5O1BOwdn",1,0],[1,2.327,0,-2.795]],[31,"AntRedPos",1,[[10,"Node",-339,[0,"73X6K51BxJ0qzO8zOwttIy",1,0],[1,-3.903,0,-0.797]],[10,"Node-001",-340,[0,"deW295E85NTYyrMgpc9jPk",1,0],[1,-1.03,0,1.496]],[10,"Node-002",-341,[0,"38TOgEgCZOT6LySqvhu96+",1,0],[1,1.137,0,0.627]],[10,"Node-003",-342,[0,"d7xsX5I6tJPouHIkMd8DqV",1,0],[1,2.489,0,-0.922]],[10,"Node-004",-343,[0,"439eRvR/ROyrsScI5QLi5n",1,0],[1,1.527,0,-2.818]]],[0,"61+F3GWuxI0pRZH3wdpcuw",1,0]],[31,"MoneyPos",1,[[10,"Pos0",-344,[0,"3bJtAZ2jZL643OVknNd/ZB",1,0],[1,-0.802,0,0.08]],[10,"Pos1",-345,[0,"a3fgq0bqRDB6pp22wK4fW2",1,0],[1,-2.291,0,-0.699]],[10,"Pos2",-346,[0,"b84tUDDN1CBpp5ZOGVqko1",1,0],[1,-2.796,0,-1.742]],[10,"Pos3",-347,[0,"c4btXbdf5PLZGZ2C5onk9e",1,0],[1,0.985,0,-1.787]],[10,"Pos4",-348,[0,"c4X0vOArNLWYsoLzabD6a7",1,0],[1,1.271,0,-0.813]]],[0,"d5APc9Gg1C0pA16cvoHC9W",1,0]],[30,"Chuanghu",4,[-349,-350,-351,-352],[0,"3fJUtaXjFOcouKEZCwsWr0",1,0],[1,-0.77,3.434,2.328],[3,0,1,0,6.123233995736766e-17],[1,1.082,1.097,1.097],[1,0,180,0]],[19,"Tower",13,[[[15,"Lock",-354,[0,"3dfLnD3NpHAaj1mwbPBV94",1,0]],-355,-356],4,1,1],[[26,3,3,-353,[1,"a7EXZYtvFCHa69pyrcSZ2S"]]],[0,"c3DlP2Xp1N5bqoEt2lxTAD",1,0],[1,-1.436,0,-1.224]],[22,"Ground",[-357,-358,-359,-360],[0,"0e+jc4oKtMJK0vieZoExrW",1,0]],[19,"Fly",13,[[[15,"Lock",-362,[0,"66VQ2Bkq1MzZU4k1OEPWy5",1,0]],[15,"Unlock",-363,[0,"66gt7QcUhLM4I6H62VMnrN",1,0]],-364],4,4,1],[[26,4,4,-361,[1,"836ww0aA9AXYGa2xTDp1yE"]]],[0,"99Fhq5R/lARrfIafSsV56Y",1,0],[1,0.956,0,-2.664]],[19,"UpPlayer",13,[[[15,"Lock",-366,[0,"dbu1kF1NlGyrlWDX4iZFSg",1,0]],[15,"Unlock",-367,[0,"85/D6uCH1PV7EFbSx6tA+U",1,0]],-368],4,4,1],[[26,5,5,-365,[1,"00WiTkoQxNr4gMMC4a93/y"]]],[0,"0dmI4LcmdIW6T34vBSJENP",1,0],[1,0.207,0,-2.676]],[19,"ChaoXue",13,[[[15,"Lock",-370,[0,"bfnRtUKTZND4OOLTn2m28J",1,0]],-371,-372],4,1,1],[[54,7,-369,[1,"3aNj5KyARKIbdhTnkB9TWq"]]],[0,"d3weqHqJ1JzJowPy+Q/thx",1,0],[1,-0.737,-0.019,-1.281]],[19,"Area2",1,[[-374,-375,[33,"BuySuccess",false,-376,[0,"fafrXfbDdODKn8joPMsQkG",1,0],[1,4.667,0,0.848]]],1,1,4],[[37,2,-373,[1,"e2iB6zk/pBd4YMMQOuS/am"]]],[0,"0ctOREjgdNepTtuZKprkt+",1,0],[1,-4.654,0,-0.848]],[19,"Area3",1,[[-378,-379,[33,"BuySuccess",false,-380,[0,"5516+JjmpJrZf1DyB68Dv5",1,0],[1,-3.141,0,0.812]]],1,1,4],[[37,3,-377,[1,"9eib3PVeFOFanVeJ8xMtU1"]]],[0,"feVtz5HVhNuYi0bsL0Q1pN",1,0],[1,3.11,0,-0.812]],[20,"Collisions",1,[-381,-382,-383,-384],[0,"c5G8z4OVJEaKpNirV2JBcY",1,0]],[29,"BuySuccess",false,30,[-385,-386,-387],[0,"35I7Ejgo5MU6kvUo+9SjIs",1,0]],[14,"mixamorig:Hips",16,[-388,-389,-390],[0,"61th6jnHpG15kjEmxDXUh/",1,0],[1,-0.00007618885138072073,0.007667832542210817,-0.000256853352766484],[3,-0.01326508798179781,-0.001063353248098566,-0.009515600122039784,0.9998661710824217],[1,-1.5214766104461555,-0.13632408853314557,-1.0887106705476937]],[48,"mixamorig:Spine2",[-391,-392,-393],[0,"58P1c17OJMCbeEhYYOxEgi",1,0],[1,5.587935322792781e-11,0.0012141871266067028,-1.490116086078075e-10],[3,0.008826762640220873,-0.021335728955745738,0.003715603464732649,0.9997264972091683],[1,1.0203594173454038,-2.4487903207075408,0.40408318943599836]],[12,"caomei",17,[-395,8],[[27,1,0,-394,[1,"37c06g+u5KTLOzHjW2ezbm"]]],[0,"727LDCCklOIpM9r9mo/cnI",1,0],[1,-1.406,0,0.795],[3,0.13651792909926438,-0.2682868371464683,-0.5366218230320668,0.7883032710157519],[1,0.95,0.95,0.95],[1,-10.645,-44.624,-66.823]],[12,"caomei",17,[-397,9],[[27,1,2,-396,[1,"19Ro4pe01BY6duBwkeLhZG"]]],[0,"042G5qbQZOu5htvLE2yObS",1,0],[1,-1.724,0,0.029],[3,-0.25697568611217714,0.32709975925046786,-0.49047285619796166,0.7657712593055942],[1,0.95,0.95,0.95],[1,-10.645,39.226,-66.823]],[12,"caomei",17,[-399,10],[[38,1,3,true,-398,[1,"340c/PqMhPvaCiBGSKQrlh"]]],[0,"c0oS8vCKdHY7ouDL9EcW1w",1,0],[1,-2.324,0,-2.221],[3,-0.6090333222255242,0.7492730761840856,-0.09266493902012563,0.2430668196216316],[1,0.93,0.93,0.93],[1,-33.119,119.114,-73.278]],[12,"kiwi",17,[-401,6],[[27,2,4,-400,[1,"e09c8ZqitAqIZLXGlBfbc/"]]],[0,"26uCAVH2VPApWiqKrWIDOh",1,0],[1,-3.474,0,-0.187],[3,0,0.40746198386119836,0,0.9132221699607913],[1,1.6,1.6,1.6],[1,0,48.091,0]],[12,"kiwi",17,[-403,7],[[27,2,5,-402,[1,"79K6utTjpLDqHmIs4q9g42"]]],[0,"31VCAR5fROVoWNq2ZzfZQ/",1,0],[1,2.212,0,-2.072],[3,0,0.9982845667002445,0,-0.058548474686410314],[1,1.6,1.6,1.6],[1,0,186.713,0]],[12,"mianbaopian",17,[-405,2],[[27,6,1,-404,[1,"22p28yqZ1Ju4FnsZPwrzwF"]]],[0,"15j26kzABGfqsVS0RMegA+",1,0],[1,0.347,0,0.012],[3,0,-0.4092224550717216,0,-0.9124346454760871],[1,1.23,1.7,1.23],[1,0,-311.688,0]],[12,"mianbaopian",17,[-407,3],[[38,6,7,true,-406,[1,"06+5aaTn5IbrYhIH9XN5ML"]]],[0,"44aA92dRJIZ56Nmvfn3+DX",1,0],[1,2.108,0,-0.272],[3,0,-0.9832007939157265,0,0.1825272550702637],[1,1.23,1.7,1.23],[1,0,-158.966,0]],[36,"Chuanghu_L",29,[-409],[[8,0,-408,[1,"a2wUEPWtFK/KkuUr2qMa6c"],[91],[2],92]],[0,"aeCo8WsydARqg+ul0ESRPj",1,0],[1,-3.642,0,-0.963],[3,-0.5533375938341256,0.4402470979459833,0.44024709794598327,0.5533375938341257],[1,-90,77.013,0]],[36,"Chuanghu_R",29,[-411],[[8,0,-410,[1,"1eBOaV4odL5Y6ZMJKVNbot"],[95],[2],96]],[0,"f0RcQVp8tIG5o+DIcsSxf8",1,0],[1,3.637,0,-0.963],[3,-0.5892986921898028,-0.3908030851763942,-0.39080308517639417,0.5892986921898028],[1,-90,-67.102,0]],[12,"Cup",4,[-413],[[3,1,0,-412,[1,"c3Q4UpTztDQYjlP4rT9vQb"],[103],[2],104]],[0,"c3rXFPG/RPBI3r9BC2hxuW",1,0],[1,-2.537,0,0.378],[3,0,0.9105213648606765,0,0.4134620225997194],[1,100,100,100],[1,0,131.155,0]],[24,"BuySuccess",21,[-414,22],[0,"e9vaJSxjBGebs4uxsKYVb4",1,0],[1,0.572,-0.131,2.674]],[24,"BuySuccess",23,[24,25],[0,"92n+fBoupD5oDY6CRvoF1z",1,0],[1,1.329,-0.131,2.675]],[14,"mixamorig:RightHand Socket",16,[-415],[0,"7eBJW4Pn9Ju5uaYu7ooCqL",1,0],[1,-0.0036127459444895544,0.006983618222847123,0.0021138841519988297],[3,0.8712891508387953,0.06465737196362074,0.4093794546453173,0.26283664507764437],[1,154.61007903338904,-45.98345347469502,19.139566988938732]],[14,"mixamorig:Head Socket",16,[-416],[0,"98qvGVw2tHqrpZFRZMPKqN",1,0],[1,-0.00003522289249911907,0.014424152080220822,0.0015094182804829299],[3,-0.09637375864432163,-0.04816083936934798,-0.01005602493037441,0.9941285171237196],[1,-11.104291467166602,-5.606741912949045,-0.613711418204355]],[14,"mixamorig:Spine2 Socket",16,[-417],[0,"6fQSYNzyJGxJSHZjnkM6yE",1,0],[1,-0.00002739359645860336,0.010839334630054376,0.00005232866394644793],[3,0.06482395457003032,-0.0459072479894327,-0.003948754896460201,0.9968323764960221],[1,7.405280864847348,-5.222313369974168,-0.7920976813297865]],[20,"Unlock",34,[-418,-419],[0,"989ycIc4RJpYfsdGsmAxVS",1,0]],[12,"Ground",56,[-421],[[8,0,-420,[1,"19HjjM6uJHaYC/03CuZmii"],[247],[2],248]],[0,"63XM/TG4xPx5hiutpWr2Nj",1,0],[1,0,0.022,0],[3,-0.7071067811865478,0,0,0.7071067811865472],[1,0.3,0.3,1],[1,-90.00000000000006,0,0]],[29,"BuySuccess",false,34,[-422,-423],[0,"09YQLbvmRPcYwrP4vlJUW7",1,0]],[12,"Progress",41,[-425],[[8,0,-424,[1,"60WCNKIwtAtJIZtJCeSqeJ"],[255],[2],256]],[0,"3dHTE93U9DF5tSu2lGpyyH",1,0],[1,0.027,0.062,0.012],[3,-0.11939738481649656,-0.6708208148331365,-0.16409728503087484,0.7133132411017503],[1,0.477,0.477,0.477],[1,-23.052,-87.348,-4.239]],[12,"Progress",42,[-427],[[8,0,-426,[1,"aaZ6WnIgVFMIsKCXTTX811"],[299],[2],300]],[0,"1a5unO6zdPHYxlCE7uOCq2",1,0],[1,0.028,0.063,0.021],[3,-0.09712343063836193,-0.6729753049907488,-0.18786924341272493,0.7087851758277499],[1,0.477,0.477,0.477],[1,-23.215,-88.634,-7.793]],[12,"Progress",43,[-429],[[8,0,-428,[1,"d7rEeVhE1KWK2op55HFoT5"],[343],[2],344]],[0,"39rjJwe8BA36FHnDOF6iec",1,0],[1,0.009,0.049,-0.008],[3,-0.07471738637639372,-0.6480800343829144,-0.10156460415082964,0.7510620562849695],[1,0.477,0.477,0.477],[1,-14.138,-81.977,-3.194]],[12,"Progress",44,[-431],[[8,0,-430,[1,"69F6Np1WpMWYhUWHdYy98b"],[387],[2],388]],[0,"c2B43whcBBno1ixfgGafMs",1,0],[1,0.023,0.004,-0.003],[3,-0.7057188195092297,0.04428259015120194,0.04428259015120193,0.7057188195092298],[1,0.522,0.522,0.522],[1,-90,7.181,0]],[12,"Progress",45,[-433],[[8,0,-432,[1,"0cOi/wqLJJfrlgZmFeEYGV"],[433],[2],434]],[0,"3bMHaO1DJGKpKZYia/QAwZ",1,0],[1,0.01,0.002,-0.002],[3,-0.7071067811865475,0,0,0.7071067811865476],[1,0.522,0.522,0.522],[1,-90,0,0]],[12,"Progress",46,[-435],[[8,0,-434,[1,"9fQNBpzWZPSYyX7fP0cw/8"],[479],[2],480]],[0,"45+Em96HlAIaUTk5+JmNBA",1,0],[1,0.001,-0.001,-0.045],[3,-0.7071067811865475,0,0,0.7071067811865476],[1,0.824,0.813,0.858],[1,-90,0,0]],[12,"Progress",47,[-437],[[8,0,-436,[1,"1cD2sVWvR