[1,0,0,[["cc.Skeleton",["_name","_hash","_joints","_bindposes"],0,12],["cc.Mesh",["_native","_hash","_struct"],1,11]],[[0,0,1,2,3,4],[1,0,1,2,3]],[[[[0,"Skin-0",3138894894,["Spine_0/middle_0/Spine_1/head/R_chuxu_1","Spine_0/middle_0/Spine_1","Spine_0/middle_0/Spine_1/head","Spine_0/middle_0/middle_1/R_weiba_1_","Spine_0/middle_0","Spine_0/L_leg_2","Spine_0/middle_0/Spine_1/head/L_chuxu_1","Spine_0/middle_0/Spine_1/head/L_chuxu_1/L_chuxu_2","Spine_0/middle_0/Spine_1/head/L_chuxu_1/L_chuxu_2/L_chuxu_3/L_chuxu_4","Spine_0/middle_0/Spine_1/head/L_chuxu_1/L_chuxu_2/L_chuxu_3","Spine_0/middle_0/Spine_1/head/R_chuxu_1/R_chuxu_2","Spine_0/middle_0/Spine_1/head/L_chuxu_1/L_chuxu_2/L_chuxu_3/L_chuxu_4/L_chuxu_5","Spine_0/L_leg_1","Spine_0/middle_0/R_weiba_1","Spine_0/R_leg_1","Spine_0/R_leg_2","Spine_0/R_leg_3","Spine_0/middle_0/Spine_1/head/R_chuxu_1/R_chuxu_2/R_chuxu_3/R_chuxu_4","Spine_0/middle_0/Spine_1/head/R_chuxu_1/R_chuxu_2/R_chuxu_3","Spine_0/middle_0/Spine_1/head/R_chuxu_1/R_chuxu_2/R_chuxu_3/R_chuxu_4/R_chuxu_5","Spine_0/L_leg_1/L_foot_1_1","Spine_0/middle_0/middle_1/R_weiba_1_/R_weiba_2","Spine_0/middle_0/middle_1/R_weiba_1_/R_weiba_2/R_weiba_3","Spine_0/L_leg_1/L_foot_1_1/L_foot_1_2","Spine_0/L_leg_2/L_foot_2_1","Spine_0/L_leg_2/L_foot_2_1/L_foot_2_2","Spine_0/L_leg_3","Spine_0/L_leg_3/L_foot_3_1","Spine_0/L_leg_3/L_foot_3_1/L_foot_3_2","Spine_0/R_leg_1/R_foot_1_1","Spine_0/middle_0/R_weiba_1/R_weiba_2","Spine_0/middle_0/R_weiba_1/R_weiba_2/R_weiba_3","Spine_0/R_leg_1/R_foot_1_1/R_foot_1_2","Spine_0/R_leg_2/R_foot_2_1","Spine_0/R_leg_2/R_foot_2_1/R_foot_2_2","Spine_0/R_leg_3/R_foot_3_1","Spine_0/R_leg_3/R_foot_3_1/R_foot_3_2"],[[[7,-0.4378356635570526,-0.000002761789119176683,0.8990548849105835,0,-0.38532084226608276,-0.9035013914108276,-0.1876523345708847,0,0.812297523021698,-0.4285857081413269,0.39558401703834534,0,-0.8241521120071411,-0.08734560757875443,-0.23628519475460052,1],[7,-1.5811598075288202e-7,-4.477711854633526e-7,-1,0,-0.9998563528060913,-0.016947098076343536,1.6568171190556313e-7,0,-0.016947098076343536,0.9998563528060913,-4.4502729679152253e-7,0,0.00045853902702219784,-0.530184805393219,1.8876056628869264e-7,1],[7,2.8312194899626775e-7,-2.4337970216947724e-7,-1.0000001192092896,0,-0.9779037237167358,0.20905478298664093,-3.27745880213115e-7,0,0.20905473828315735,0.9779039621353149,-1.7881400538044545e-7,0,-0.4342747628688812,-0.44364133477211,-7.654010403257416e-8,1],[7,0.28657618165016174,0.31540733575820923,0.9046501517295837,0,0.6064841151237488,0.6712450385093689,-0.4261532425880432,0,-0.7416539788246155,0.6707813739776611,0.001073300139978528,0,-0.005333783105015755,-0.6816926002502441,0.029336795210838318,1],[7,2.821299744937278e-7,2.384185791015625e-7,-1,0,6.123234262925839e-17,1,2.384185791015625e-7,0,1,-6.732625795844577e-14,2.821299744937278e-7,0,-0.4183851182460785,-0.06296805292367935,-1.3305172785749164e-7,1],[7,0.9125238656997681,-0.2471672147512436,-0.07566273212432861,0,-0.0596223808825016,0.05830332636833191,-0.9963015913963318,0,0.23678462207317352,0.9672172665596008,0.04072130471467972,0,-0.4789868891239166,-0.21675916016101837,0.049489881843328476,1],[7,0.43783557415008545,-0.0000033906571843544953,-0.8990548849105835,0,-0.3853202164173126,0.9035013914108276,-0.1876525580883026,0,0.8122979998588562,0.42858508229255676,0.39558374881744385,0,-0.8241518139839172,0.08734603971242905,-0.23628616333007812,1],[7,0.41324710845947266,0.1446610987186432,-0.8990548849105835,0,-0.6622022390365601,0.7254481315612793,-0.18765147030353546,0,0.6250719428062439,0.6729026436805725,0.39558422565460205,0,-1.0137624740600586,-0.2623398005962372,-0.2362859845161438,1],[7,0.28298622369766235,0.4552624821662903,-0.8441888689994812,0,-0.9534580707550049,0.2290598303079605,-0.19608533382415771,0,0.10409948974847794,0.8603877425193787,0.4988945722579956,0,-0.9281414747238159,-0.8971197009086609,-0.3607104420661926,1],[7,0.4062320590019226,0.26897355914115906,-0.8732860684394836,0,-0.844217836856842,0.4761928915977478,-0.24604183435440063,0,0.3496740162372589,0.8371936082839966,0.42051708698272705,0,-0.9979953169822693,-0.6191197037696838,-0.3053460121154785,1],[7,-0.41324731707572937,0.1446615308523178,0.8990548253059387,0,-0.6622026562690735,-0.7254478931427002,-0.18765167891979218,0,0.6250712871551514,-0.6729032397270203,0.3955845832824707,0,-1.0137625932693481,0.2623405158519745,-0.23628529906272888,1],[7,0.28298622369766235,0.4552624821662903,-0.8441888689994812,0,-0.9534580111503601,0.2290598601102829,-0.19608533382415771,0,0.10409952700138092,0.8603877425193787,0.4988945722579956,0,-1.1082171201705933,-0.9001247882843018,-0.36068013310432434,1],[7,0.7415262460708618,-0.2547852098941803,-0.46506989002227783,0,-0.4065842926502228,0.06490333378314972,-0.8829995393753052,0,0.2231704443693161,0.9648167490959167,-0.06341443210840225,0,-0.46058863401412964,-0.21060219407081604,-0.04449434578418732,1],[7,-0.28657564520835876,0.31540754437446594,-0.9046505093574524,0,0.6064842343330383,-0.6712449789047241,-0.42615315318107605,0,-0.7416539788246155,-0.6707813143730164,0.0010727494955062866,0,-0.005333748180419207,0.6816926002502441,0.029336927458643913,1],[7,-0.8530447483062744,-0.24584682285785675,0.4602971374988556,0,-0.4632323980331421,-0.049380771815776825,-0.884860098361969,0,0.24026978015899658,-0.9680497646331787,-0.07176027446985245,0,-0.5231313705444336,0.21920771896839142,-0.04397894814610481,1],[7,-0.9659380912780762,-0.24755160510540009,0.07537255436182022,0,-0.06277606636285782,-0.05840067192912102,-0.9963169097900391,0,0.25104179978370667,-0.9671125411987305,0.04087112843990326,0,-0.5071671009063721,0.2165578007698059,0.04931255057454109,1],[7,-0.7872764468193054,-0.17794474959373474,-0.5903646349906921,0,0.5760073065757751,0.12940773367881775,-0.8071357607841492,0,0.22002339363098145,-0.9754940271377563,0.000617827579844743,0,-0.538386881351471,0.22084587812423706,-0.0007431151461787522,1],[7,-0.2902696430683136,0.45074036717414856,0.8441423773765564,0,-0.9496933221817017,-0.24407799541950226,-0.19623607397079468,0,0.11758512258529663,-0.8586375117301941,0.49891361594200134,0,-0.9421265721321106,0.8823607563972473,-0.36085936427116394,1],[7,-0.406231552362442,0.2689744234085083,0.8732860088348389,0,-0.8442179560661316,-0.4761924147605896,-0.246041402220726,0,0.3496733009815216,-0.8371937274932861,0.42051753401756287,0,-0.9979950189590454,0.619120180606842,-0.30534499883651733,1],[7,-0.2906876802444458,0.45047569274902344,0.8441399931907654,0,-0.9494686722755432,-0.2449437975883484,-0.1962442398071289,0,0.11836359649896622,-0.8585302233695984,0.4989146888256073,0,-1.12302827835083,0.8815006613731384,-0.360867440700531,1],[7,0.2723051905632019,0.7227415442466736,-0.49415215849876404,0,-0.23989248275756836,-0.38430270552635193,-0.8657981157302856,0,-0.9304322004318237,0.3106057643890381,0.07860677689313889,0,0.12818075716495514,-0.6184293627738953,-0.07714401185512543,1],[7,0.29251551628112793,0.30990707874298096,0.9046501517295837,0,0.619124710559845,0.659604012966156,-0.4261532723903656,0,-0.7287790775299072,0.6847476363182068,0.0010732909431681037,0,-0.17333362996578217,-0.6785226464271545,0.02933676913380623,1],[7,0.29251575469970703,0.30990689992904663,0.9046499729156494,0,0.6191255450248718,0.6596032381057739,-0.4261532127857208,0,-0.7287783026695251,0.6847485303878784,0.0010730646317824721,0,-0.271986722946167,-0.6785222887992859,0.02933695539832115,1],[7,0.2723052203655243,0.7227416634559631,-0.49415212869644165,0,-0.23989251255989075,-0.3843027353286743,-0.8657981753349304,0,-0.9304323196411133,0.3106057941913605,0.07860677689313889,0,-0.25298479199409485,-0.6184293627738953,-0.0771440640091896,1],[7,0.36688026785850525,0.8759703636169434,-0.08132404088973999,0,-0.09467858821153641,-0.046994201838970184,-0.9942567944526672,0,-0.9244725108146667,0.3524448573589325,0.06955171376466751,0,0.13149426877498627,-0.6431604623794556,0.0420236699283123,1],[7,0.36688032746315,0.8759704828262329,-0.0813240185379982,0,-0.094678595662117,-0.04699418693780899,-0.994256854057312,0,-0.9244726300239563,0.35244491696357727,0.06955171376466751,0,-0.24967139959335327,-0.6431604623794556,0.042023610323667526,1],[7,0.7873172760009766,-0.17781156301498413,0.5903512239456177,0,0.575874924659729,-0.12993310391902924,-0.8071465492248535,0,0.22022616863250732,0.975448727607727,0.00009864570165518671,0,-0.5384353995323181,-0.22073392570018768,-0.0005585829494521022,1],[7,0.2787153720855713,0.7584606409072876,0.5891135334968567,0,0.1976717710494995,0.5549803376197815,-0.8080360889434814,0,-0.9398102164268494,0.3416632413864136,0.0047552986070513725,0,0.12899234890937805,-0.7345098257064819,-0.0013067723484709859,1],[7,0.2787152826786041,0.7584607005119324,0.5891135334968567,0,0.19767127931118011,0.5549805164337158,-0.8080361485481262,0,-0.9398103356361389,0.34166285395622253,0.004755634814500809,0,-0.24506030976772308,-0.7345099449157715,-0.001306762918829918,1],[7,-0.29384511709213257,0.8121034502983093,0.5041258931159973,0,-0.24019703269004822,0.44774991273880005,-0.861292839050293,0,-0.9251808524131775,-0.37417641282081604,0.06349574774503708,0,0.11268755048513412,0.7095420360565186,-0.0640014111995697,1],[7,-0.3828386664390564,0.30990737676620483,-0.9046503305435181,0,0.8102998733520508,-0.6596038341522217,-0.4261532723903656,0,-0.9538137316703796,-0.6847473382949829,0.001072700833901763,0,-0.2268560379743576,0.6785224080085754,0.029337042942643166,1],[7,-0.2728685140609741,0.3099074959754944,-0.9046502709388733,0,0.5775415301322937,-0.6596034169197083,-0.4261535704135895,0,-0.6798304319381714,-0.6847477555274963,0.0010725860483944416,0,-0.2537182867527008,0.6785222887992859,0.029337264597415924,1],[7,-0.29384517669677734,0.8121033310890198,0.5041260123252869,0,-0.24019812047481537,0.447749525308609,-0.861292839050293,0,-0.925180971622467,-0.3741768002510071,0.0634966716170311,0,-0.2700600326061249,0.7095418572425842,-0.0640016421675682,1],[7,-0.367588073015213,0.9259164929389954,0.08692751079797745,0,-0.09481583535671234,0.055671632289886475,-0.9939361214637756,0,-0.9251424670219421,-0.3736012876033783,0.06732732802629471,0,0.1313936561346054,0.6801126003265381,0.046172503381967545,1],[7,-0.3675876557826996,0.925916850566864,0.08692807704210281,0,-0.09481626003980637,0.05567208677530289,-0.9939362406730652,0,-0.9251425266265869,-0.3736010491847992,0.06732761114835739,0,-0.250112384557724,0.6801127195358276,0.046172771602869034,1],[7,-0.27884259819984436,0.7584036588668823,-0.5891263484954834,0,0.19716714322566986,-0.5551781058311462,-0.80802321434021,0,-0.9398783445358276,-0.3414677381515503,0.005275029223412275,0,0.12910869717597961,0.7344759702682495,-0.0014917794615030289,1],[7,-0.2788424789905548,0.758403480052948,-0.5891262888908386,0,0.19716648757457733,-0.5551782250404358,-0.8080231547355652,0,-0.9398783445358276,-0.3414672315120697,0.005275513511151075,0,-0.24494393169879913,0.7344760894775391,-0.0014917681692168117,1]],8,8,8,8,8,8,8,8,8,8,8,8,8,8,8,8,8,8,8,8,8,8,8,8,8,8,8,8,8,8,8,8,8,8,8,8,8]]],0,0,[],[],[]],[[[1,".bin",450940823,[{"primitives":[{"primitiveMode":7,"jointMapIndex":0,"vertexBundelIndices":[0],"indexView":{"offset":41688,"length":8400,"count":2100,"stride":4}}],"vertexBundles":[{"view":{"offset":0,"length":41688,"count":579,"stride":72},"attributes":[{"name":"a_position","format":32,"isNormalized":false},{"name":"a_normal","format":32,"isNormalized":false},{"name":"a_texCoord","format":21,"isNormalized":false},{"name":"a_tangent","format":44,"isNormalized":false},{"name":"a_joints","format":42,"isNormalized":false},{"name":"a_weights","format":44,"isNormalized":false}]}],"jointMaps":[[0,1,2,3,4,5,6,7,8,9,10,12,13,14,15,16,17,18,20,21,22,24,26,27,29,30,31,33,35]]},"minPosition",8,[1,-0.7980558276176453,-0.9277365803718567,-0.0075646694749593735],"maxPosition",8,[1,0.7980558276176453,0.6735579371452332,1.1131037473678589]]],-1],0,0,[],[],[]]]]
