[1,["8fwUR75YtILJpn0tOlyLAK@6c48a","1brw/JvvpFnIvdrxpFCgMZ"],["mainTexture","emissiveMap","_effectAsset"],[["cc.Mesh",["_native","_hash","_struct"],1,11],["cc.Skeleton",["_name","_hash","_joints","_bindposes"],0,12],["cc.Material",["_states","_defines","_props"],1,12]],[[0,0,1,2,3],[1,0,1,2,3,4],[2,0,1,2,3]],[[[[0,".bin",3557304965,[{"primitives":[{"primitiveMode":7,"vertexBundelIndices":[0],"indexView":{"offset":7968,"length":1704,"count":426,"stride":4}}],"vertexBundles":[{"view":{"offset":0,"length":7968,"count":166,"stride":48},"attributes":[{"name":"a_position","format":32,"isNormalized":false},{"name":"a_normal","format":32,"isNormalized":false},{"name":"a_texCoord","format":21,"isNormalized":false},{"name":"a_tangent","format":44,"isNormalized":false}]}]},"minPosition",8,[1,-0.0011528033064678311,-0.014851147308945656,-0.0014449501177296042],"maxPosition",8,[1,0.0018559640739113092,0.014922060072422028,0.001444948953576386]]],-1],0,0,[],[],[]],[[[1,"Skin-0",137924655,["mixamorig:Hips","mixamorig:Hips/mixamorig:LeftUpLeg","mixamorig:Hips/mixamorig:RightUpLeg","mixamorig:Hips/mixamorig:Spine","mixamorig:Hips/mixamorig:Spine/mixamorig:Spine1/mixamorig:Spine2/mixamorig:RightShoulder","mixamorig:Hips/mixamorig:Spine/mixamorig:Spine1/mixamorig:Spine2/mixamorig:RightShoulder/mixamorig:RightArm","mixamorig:Hips/mixamorig:Spine/mixamorig:Spine1/mixamorig:Spine2","mixamorig:Hips/mixamorig:Spine/mixamorig:Spine1","mixamorig:Hips/mixamorig:Spine/mixamorig:Spine1/mixamorig:Spine2/mixamorig:LeftShoulder","mixamorig:Hips/mixamorig:Spine/mixamorig:Spine1/mixamorig:Spine2/mixamorig:LeftShoulder/mixamorig:LeftArm","mixamorig:Hips/mixamorig:Spine/mixamorig:Spine1/mixamorig:Spine2/mixamorig:Neck/mixamorig:Head","mixamorig:Hips/mixamorig:Spine/mixamorig:Spine1/mixamorig:Spine2/mixamorig:LeftShoulder/mixamorig:LeftArm/mixamorig:LeftForeArm","mixamorig:Hips/mixamorig:Spine/mixamorig:Spine1/mixamorig:Spine2/mixamorig:LeftShoulder/mixamorig:LeftArm/mixamorig:LeftForeArm/mixamorig:LeftHand","mixamorig:Hips/mixamorig:Spine/mixamorig:Spine1/mixamorig:Spine2/mixamorig:RightShoulder/mixamorig:RightArm/mixamorig:RightForeArm","mixamorig:Hips/mixamorig:Spine/mixamorig:Spine1/mixamorig:Spine2/mixamorig:RightShoulder/mixamorig:RightArm/mixamorig:RightForeArm/mixamorig:RightHand","mixamorig:Hips/mixamorig:LeftUpLeg/mixamorig:LeftLeg","mixamorig:Hips/mixamorig:LeftUpLeg/mixamorig:LeftLeg/mixamorig:LeftFoot/mixamorig:LeftToeBase","mixamorig:Hips/mixamorig:LeftUpLeg/mixamorig:LeftLeg/mixamorig:LeftFoot","mixamorig:Hips/mixamorig:RightUpLeg/mixamorig:RightLeg","mixamorig:Hips/mixamorig:RightUpLeg/mixamorig:RightLeg/mixamorig:RightFoot/mixamorig:RightToeBase","mixamorig:Hips/mixamorig:RightUpLeg/mixamorig:RightLeg/mixamorig:RightFoot","mixamorig:Hips/mixamorig:Spine/mixamorig:Spine1/mixamorig:Spine2/mixamorig:Neck"],[[[7,1,0,0,0,0,1.2246468525851679e-16,-1,0,0,1,1.2246468525851679e-16,0,-0.000014963746252760757,-0.007936455309391022,-0.0014366693794727325,1],[7,-0.9867764115333557,0.16208715736865997,-2.5338955933484897e-10,0,-0.032886214554309845,-0.20020921528339386,-0.979201078414917,0,-0.15871590375900269,-0.9662525653839111,0.20289216935634613,0,0.0031178374774754047,0.006531677208840847,-0.003088629338890314,1],[7,-0.9867505431175232,-0.1622450202703476,-4.671678599521556e-10,0,0.032141637057065964,-0.19548073410987854,-0.9801807403564453,0,0.15902943909168243,-0.9671937823295593,0.19810552895069122,0,-0.0030892635695636272,0.006535499356687069,-0.0031315668020397425,1],[7,1,0,0,0,0,-0.10472559928894043,-0.9945011138916016,0,0,0.9945011138916016,-0.10472559928894043,0,-0.000014963746252760757,-0.008953911252319813,-0.0005976191605441272,1],[7,0.27524468302726746,-0.8783832788467407,0.3907468616962433,0,-0.9562810063362122,-0.20836961269378662,0.20520411431789398,0,-0.09882809966802597,-0.43014514446258545,-0.8973339200019836,0,-0.000599569408223033,0.0040818676352500916,0.011631865054368973,1],[7,0.06022409349679947,-0.9470207691192627,0.3154755234718323,0,-0.9784455895423889,0.006534853018820286,0.20640155673027039,0,-0.19752813875675201,-0.32110595703125,-0.9262146949768066,0,-0.00006392184150172397,0.001333350781351328,0.011777572333812714,1],[7,1,0,0,0,0,-0.10472560673952103,-0.9945011138916016,0,0,0.9945011138916016,-0.10472560673952103,0,-0.000014963746252760757,-0.011230512522161007,-0.0005976189859211445,1],[7,1,0,0,0,0,-0.10472560673952103,-0.9945011138916016,0,0,0.9945011138916016,-0.10472560673952103,0,-0.000014963746252760757,-0.010016324929893017,-0.0005976189859211445,1],[7,-0.18531440198421478,0.8783832788467407,-0.44056937098503113,0,0.9780417680740356,0.20836970210075378,0.004047578666359186,0,0.09535663574934006,-0.43014517426490784,-0.8977094292640686,0,0.0006753048510290682,0.004853013437241316,0.011263225227594376,1],[7,0.39409446716308594,0.8675175309181213,0.30348455905914307,0,0.19345611333847046,-0.4011106491088867,0.8953686356544495,0,0.8984789252281189,-0.29414886236190796,-0.3259020447731018,0,-0.010895069688558578,0.0006490639643743634,0.004124457947909832,1],[7,1,0,0,0,0,1.2246468525851679e-16,-1,0,0,1,1.2246468525851679e-16,0,-0.000014963746252760757,-0.014666118659079075,-0.003242666367441416,1],[7,0.049187324941158295,0.9323509931564331,0.3581930100917816,0,-0.9954847097396851,0.016613341867923737,0.09345731884241104,0,0.08118423819541931,-0.3611725866794586,0.9289582371711731,0,-0.0034357407130301,-0.0005362809170037508,-0.01128370687365532,1],[7,0.049187324941158295,0.9323509931564331,0.3581930100917816,0,-0.9954847097396851,0.016613341867923737,0.09345731884241104,0,0.08118423819541931,-0.3611725866794586,0.9289582371711731,0,-0.0034357407130301,-0.0029801339842379093,-0.01128370687365532,1],[7,0.08596116304397583,-0.9324096441268921,0.35103121399879456,0,-0.9782612919807434,-0.01225227676331997,0.20701389014720917,0,-0.18872082233428955,-0.3611953854560852,-0.9131935238838196,0,-0.0000360628982889466,-0.0005780337960459292,0.011807925067842007,1],[7,0.08596116304397583,-0.9324096441268921,0.35103121399879456,0,-0.9782612919807434,-0.01225227676331997,0.20701389014720917,0,-0.18872082233428955,-0.3611953854560852,-0.9131935238838196,0,-0.00003606291284086183,-0.003021733369678259,0.011807925067842007,1],[7,-0.9660389423370361,0.2515008747577667,0.05929633975028992,0,-0.05242662504315376,0.03393401950597763,-0.9980480670928955,0,-0.25302213430404663,-0.9672619700431824,-0.019596243277192116,0,0.0033816879149526358,0.003156373044475913,-0.0024291351437568665,1],[7,0.07485363632440567,-0.9804500937461853,0.1819741129875183,0,0.9959477782249451,0.06438246369361877,-0.06279203295707703,0,0.049848511815071106,0.18593692779541016,0.9812964200973511,0,0.001956184394657612,0.0030651509296149015,-0.0011818675557151437,1],[7,0.03862279653549194,-0.9903234243392944,-0.13329589366912842,0,0.9982372522354126,0.04425438493490219,-0.039546895772218704,0,0.04506314545869827,-0.13153351843357086,0.9902869462966919,0,0.002074991352856159,0.003616188419982791,-0.00016559514915570617,1],[7,-0.9662637710571289,-0.25159773230552673,-0.055071841925382614,0,0.0510229729115963,0.022593144327402115,-0.9984418749809265,0,0.25244995951652527,-0.9675681591033936,-0.008993673138320446,0,-0.003351376624777913,0.003139495151117444,-0.002518509980291128,1],[7,-0.040176041424274445,0.9814862012863159,-0.1872718632221222,0,-0.9985174536705017,-0.046326179057359695,-0.028578918427228928,0,-0.036725401878356934,0.18584603071212769,0.9818923473358154,0,-0.00237041967920959,0.0027910107746720314,-0.0011183468159288168,1],[7,0.15591399371623993,0.978062093257904,0.13814949989318848,0,-0.9857235550880432,0.16306111216545105,-0.04195310175418854,0,-0.06355955451726913,-0.12963615357875824,0.989522397518158,0,-0.0017312717391178012,0.0038253478705883026,-0.00016187205619644374,1],[7,1,0,0,0,0,1.2246468525851679e-16,-1,0,0,1,1.2246468525851679e-16,0,-0.000014963746252760757,-0.012464621104300022,-0.0019135060720145702,1]],8,8,8,8,8,8,8,8,8,8,8,8,8,8,8,8,8,8,8,8,8,8]]],0,0,[],[],[]],[[[0,".bin",1880150993,[{"primitives":[{"primitiveMode":7,"jointMapIndex":0,"vertexBundelIndices":[0],"indexView":{"offset":131688,"length":31068,"count":7767,"stride":4}}],"vertexBundles":[{"view":{"offset":0,"length":131688,"count":1829,"stride":72},"attributes":[{"name":"a_position","format":32,"isNormalized":false},{"name":"a_normal","format":32,"isNormalized":false},{"name":"a_texCoord","format":21,"isNormalized":false},{"name":"a_tangent","format":44,"isNormalized":false},{"name":"a_joints","format":42,"isNormalized":false},{"name":"a_weights","format":44,"isNormalized":false}]}],"jointMaps":[[0,1,2,3,4,5,6,7,8,9,10,11,12,13,14,15,16,17,18,19,20,21]]},"minPosition",8,[1,-0.007744512055069208,-0.013103452511131763,0.000036095978430239484],"maxPosition",8,[1,0.007774439640343189,0.005804939195513725,0.023992247879505157]]],-1],0,0,[],[],[]],[[[0,".bin",3687880656,[{"primitives":[{"primitiveMode":7,"vertexBundelIndices":[0],"indexView":{"offset":26256,"length":5520,"count":1380,"stride":4}}],"vertexBundles":[{"view":{"offset":0,"length":26256,"count":547,"stride":48},"attributes":[{"name":"a_position","format":32,"isNormalized":false},{"name":"a_normal","format":32,"isNormalized":false},{"name":"a_texCoord","format":21,"isNormalized":false},{"name":"a_tangent","format":44,"isNormalized":false}]}]},"minPosition",8,[1,-0.003820540616288781,-0.000957519980147481,-0.0038205471355468035],"maxPosition",8,[1,0.003820540616288781,0.000957520620431751,0.003820547368377447]]],-1],0,0,[],[],[]],[[[2,[{"rasterizerState":{},"depthStencilState":{},"blendState":{"targets":[{}]}},{},{}],[{"USE_INSTANCING":true,"USE_ALBEDO_MAP":true,"USE_EMISSIVE_MAP":true},{},{}],[[[{"occlusion":0,"roughness":0.779,"metallic":0},"emissive",8,[4,4290624957],"mainTexture",6,0,"emissiveMap",6,1],{},{}],11,0,0]]],0,0,[0,0,0],[0,1,2],[0,0,1]]]]
