[1,0,0,[["cc.Skeleton",["_name","_hash","_joints","_bindposes"],0,12],["cc.Mesh",["_native","_hash","_struct"],1,11]],[[0,0,1,2,3,4],[1,0,1,2,3]],[[[[0,"Skin-0",4154341877,["Circle001","Circle001/Bone001","Circle001/Bone001/Bone002","Circle001/Bone001/Bone002/Bone013(mirrored)","Circle001/Bone001/Bone016","Circle001/Bone001/Bone002/Bone013(mirrored)/Bone014(mirrored)","Circle001/Bone001/Bone002/Bone013(mirrored)/Bone014(mirrored)/Bone015(mirrored)","Circle001/Bone001/Bone004","Circle001/Bone001/Bone004/Bone005","Circle001/Bone001/Bone007(mirrored)","Circle001/Bone001/Bone004/Bone005/Bone006","Circle001/Bone001/Bone007","Circle001/Bone001/Bone007/Bone008","Circle001/Bone001/Bone007/Bone008/Bone009","Circle001/Bone001/Bone007(mirrored)/Bone008(mirrored)","Circle001/Bone001/Bone010","Circle001/Bone001/Bone010/Bone011","Circle001/Bone001/Bone010/Bone011/Bone012","Circle001/Bone001/Bone002/Bone003","Circle001/Bone001/Bone002/Bone013","Circle001/Bone001/Bone002/Bone013/Bone014","Circle001/Bone001/Bone002/Bone013/Bone014/Bone015","Circle001/Bone001/Bone004(mirrored)","Circle001/Bone001/Bone004(mirrored)/Bone005(mirrored)","Circle001/Bone001/Bone004(mirrored)/Bone005(mirrored)/Bone006(mirrored)","Circle001/Bone001/Bone007(mirrored)/Bone008(mirrored)/Bone009(mirrored)","Circle001/Bone001/Bone010(mirrored)","Circle001/Bone001/Bone010(mirrored)/Bone011(mirrored)","Circle001/Bone001/Bone010(mirrored)/Bone011(mirrored)/Bone012(mirrored)"],[[[7,1,0,0,0,0,1,0,0,0,0,1,0,0,-5.334352404240406e-10,0.0005736315506510437,1],[7,0.0032051310408860445,0.9999948740005493,9.551977200317197e-7,0,-0.9999948740005493,0.0032051310408860445,-4.737780159302929e-7,0,-4.7683712978141557e-7,-9.5367431640625e-7,1,0,0.022876059636473656,-0.003272182308137417,-0.4874805808067322,1],[7,-0.02979656681418419,0.8112048506736755,-0.5840024352073669,0,-0.9883140325546265,-0.11129016429185867,-0.10416179150342941,0,-0.14949026703834534,0.5740742087364197,0.8050412535667419,0,-0.5787339806556702,-0.35761260986328125,-0.4579881727695465,1],[7,0.3196726143360138,0.005212768912315369,0.9475137591362,0,-0.6776663661003113,-0.6976575255393982,0.23246967792510986,0,0.6622517108917236,-0.7164124846458435,-0.21948952972888947,0,-1.0161418914794922,-0.23043085634708405,0.29466575384140015,1],[7,0.009438557550311089,-0.9999343752861023,0.0064447177574038506,0,0.9999424815177917,0.009470771998167038,0.0049864761531353,0,-0.005047186743468046,0.00639728270471096,0.9999666213989258,0,-0.13063885271549225,0.001239539124071598,-0.5618879199028015,1],[7,0.782823383808136,-0.11143547296524048,0.6121842861175537,0,-0.5710054636001587,0.2623036801815033,0.7779135704040527,0,-0.24726535379886627,-0.9585294723510742,0.14170722663402557,0,-0.5029560923576355,0.9448118805885315,0.6462541222572327,1],[7,0.7576092481613159,-0.13467316329479218,0.6386637091636658,0,-0.6028800010681152,0.23058554530143738,0.7637839317321777,0,-0.2501278221607208,-0.9636874198913574,0.093501977622509,0,-0.7398435473442078,0.9176103472709656,0.6536083221435547,1],[7,0.7503548860549927,0.48579099774360657,-0.4483017921447754,0,-0.5271636247634888,0.03058084100484848,-0.849213182926178,0,-0.39883071184158325,0.873539924621582,0.2790377736091614,0,-0.0676690861582756,-0.44520193338394165,-0.34936320781707764,1],[7,0.28848710656166077,-0.12211670726537704,-0.9496644735336304,0,-0.22411508858203888,-0.972892701625824,0.05702244117856026,0,-0.9308850765228271,0.19638387858867645,-0.30803537368774414,0,0.09065496176481247,-0.5003673434257507,0.4697567820549011,1],[7,-0.868694007396698,0.4953440725803375,-0.0022584600374102592,0,0.0022351164370775223,-0.0006396003300324082,-0.9999971389770508,0,-0.49534425139427185,-0.8686965703964233,-0.0005515345837920904,0,0.14098694920539856,0.48129403591156006,-0.038411226123571396,1],[7,0.32179024815559387,-0.7124804854393005,-0.6235561370849609,0,-0.18499478697776794,-0.693204939365387,0.6965941786766052,0,-0.9285619854927063,-0.10880260169506073,-0.3548718988895416,0,-0.2549118995666504,-0.06866224855184555,0.6855432391166687,1],[7,0.8686732649803162,0.49538207054138184,0.001886184443719685,0,0.002068107947707176,0.00018101294699590653,-0.9999979138374329,0,-0.4953814148902893,0.8686751127243042,-0.0008672624826431274,0,0.1266283392906189,-0.4895019829273224,-0.03824518248438835,1],[7,0.37683385610580444,0.43997785449028015,-0.8151171207427979,0,-0.004857589490711689,-0.8790383338928223,-0.4767265021800995,0,-0.9262681603431702,0.18360617756843567,-0.32911416888237,0,0.14643175899982452,-0.2756902277469635,0.4276754856109619,1],[7,0.5004650354385376,-0.6928756237030029,0.5190937519073486,0,0.07736309617757797,0.6329759359359741,0.7702964544296265,0,-0.8622934222221375,-0.34534770250320435,0.3703852891921997,0,-0.2737608551979065,0.4043702483177185,-0.2535279095172882,1],[7,-0.37687715888023376,0.44030219316482544,0.8149218559265137,0,-0.005009725224226713,0.8788130879402161,-0.4771397113800049,0,-0.926249623298645,-0.18390555679798126,-0.3289988934993744,0,0.15264654159545898,0.26858657598495483,0.4140931963920593,1],[7,0.7195932269096375,-0.503149151802063,0.4785670042037964,0,0.5143251419067383,0.8492297530174255,0.1194911077618599,0,-0.4665352404117584,0.16015401482582092,0.8698825240135193,0,0.055947404354810715,-0.18331322073936462,-0.4782860279083252,1],[7,0.3732982575893402,-0.18799294531345367,0.9084640741348267,0,0.2524788975715637,0.9628770351409912,0.09550654888153076,0,-0.8926939964294434,0.19371552765369415,0.40690475702285767,0,0.08715295046567917,-0.33356595039367676,-0.45521172881126404,1],[7,0.4291485548019409,-0.571442723274231,0.6994886994361877,0,0.2903738021850586,0.8206012845039368,0.49223583936691284,0,-0.855286180973053,-0.00812908448278904,0.5180920362472534,0,-0.3217849135398865,-0.09704043716192245,-0.5327688455581665,1],[7,-0.014244007878005505,0.19321900606155396,-0.9810522198677063,0,-0.9998942613601685,0.00011604296014411375,0.014540432021021843,0,0.0029233319219201803,0.9811556935310364,0.19319690763950348,0,-0.9509125351905823,-0.43446725606918335,-0.07518972456455231,1],[7,-0.3196726441383362,0.00521338265389204,-0.9475138187408447,0,-0.6776663064956665,0.6976574063301086,0.23247012495994568,0,0.6622517704963684,0.7164125442504883,-0.21948911249637604,0,-1.0118833780288696,0.23036129772663116,0.3072884678840637,1],[7,-0.7828233242034912,-0.12898021936416626,-0.6087296605110168,0,-0.5710059404373169,-0.23984156548976898,0.7851294279098511,0,-0.24726486206054688,0.9622058272361755,0.11410509794950485,0,-0.4925283193588257,-0.9241330623626709,0.6812458038330078,1],[7,-0.7754483819007874,-0.12986144423484802,-0.6179126501083374,0,-0.5833339095115662,-0.22721293568611145,0.7798051238059998,0,-0.24166439473628998,0.9651477932929993,0.10043931007385254,0,-0.7170591950416565,-0.9116275310516357,0.6814804673194885,1],[7,-0.7503552436828613,0.48579129576683044,0.4483012855052948,0,-0.5271634459495544,-0.03058168850839138,-0.8492136001586914,0,-0.3988306522369385,-0.873539924621582,0.2790384888648987,0,-0.055253949016332626,0.4371641278266907,-0.3567812144756317,1],[7,-0.2884862422943115,-0.11202991008758545,0.9509074687957764,0,-0.22411493957042694,0.973443329334259,0.046692997217178345,0,-0.9308855533599854,-0.19964225590229034,-0.3059326708316803,0,0.09542876482009888,0.5071789622306824,0.44868603348731995,1],[7,-0.3438932001590729,-0.7059990763664246,0.619114339351654,0,-0.18317796289920807,0.6970992684364319,0.6931797862052917,0,-0.9209682941436768,0.12497178465127945,-0.3690512180328369,0,-0.2583555281162262,0.08557194471359253,0.671286940574646,1],[7,-0.5197791457176208,-0.6851253509521484,-0.510326087474823,0,0.07731480151414871,-0.6326349973678589,0.7705810070037842,0,-0.8507950305938721,0.3610761761665344,0.3818007707595825,0,-0.27572906017303467,-0.3887499272823334,-0.24025119841098785,1],[7,-0.7195768356323242,-0.5031448006629944,-0.47859659790992737,0,0.5143156051635742,-0.8492330312728882,0.11951114982366562,0,-0.4665714204311371,-0.16015222668647766,0.8698635101318359,0,0.06787359714508057,0.19163818657398224,-0.470365047454834,1],[7,-0.37326711416244507,-0.17917923629283905,-0.9102564454078674,0,0.25245916843414307,-0.963761568069458,0.08618605881929398,0,-0.8927129507064819,-0.1976321041584015,0.40497592091560364,0,0.09334452450275421,0.34091824293136597,-0.4368865489959717,1],[7,-0.4487452208995819,-0.5662469267845154,-0.6913695335388184,0,0.28772494196891785,-0.8239900469779968,0.4881131947040558,0,-0.8460743427276611,0.020114196464419365,0.5326850414276123,0,-0.32213443517684937,0.11025134474039078,-0.5158126950263977,1]],8,8,8,8,8,8,8,8,8,8,8,8,8,8,8,8,8,8,8,8,8,8,8,8,8,8,8,8,8]]],0,0,[],[],[]],[[[1,".bin",189146197,[{"primitives":[{"primitiveMode":7,"jointMapIndex":0,"vertexBundelIndices":[0],"indexView":{"offset":79272,"length":15768,"count":3942,"stride":4}}],"vertexBundles":[{"view":{"offset":0,"length":79272,"count":1101,"stride":72},"attributes":[{"name":"a_position","format":32,"isNormalized":false},{"name":"a_normal","format":32,"isNormalized":false},{"name":"a_texCoord","format":21,"isNormalized":false},{"name":"a_tangent","format":44,"isNormalized":false},{"name":"a_joints","format":42,"isNormalized":false},{"name":"a_weights","format":44,"isNormalized":false}]}],"jointMaps":[[0,1,2,3,4,5,7,8,9,11,12,14,15,16,19,20,22,23,26,27]]},"minPosition",8,[1,-0.7197232842445374,-1.1523845195770264,-0.021251030266284943],"maxPosition",8,[1,0.7311396598815918,1.7443366050720215,0.7227790355682373]]],-1],0,0,[],[],[]]]]
