[1,0,0,[["cc.Skeleton",["_name","_hash","_joints","_bindposes"],0,12],["cc.Mesh",["_native","_hash","_struct"],1,11]],[[0,0,1,2,3,4],[1,0,1,2,3]],[[[[0,"Skin-0",1452412563,["Bone001/Bone002","Bone001/Bone004(mirrored)","Bone001","Bone001/Bone004","Bone001/Bone013","Bone001/Bone010(mirrored)","Bone001/Bone007(mirrored)","Bone001/Bone004(mirrored)/Bone005(mirrored)","Bone001/Bone004(mirrored)/Bone005(mirrored)/Bone006(mirrored)","Bone001/Bone007(mirrored)/Bone008(mirrored)","Bone001/Bone007(mirrored)/Bone008(mirrored)/Bone009(mirrored)","Bone001/Bone010(mirrored)/Bone011(mirrored)","Bone001/Bone010(mirrored)/Bone011(mirrored)/Bone012(mirrored)","Bone001/Bone007","Bone001/Bone010","Bone001/Bone013(mirrored)","Bone001/Bone004/Bone005","Bone001/Bone004/Bone005/Bone006","Bone001/Bone007/Bone008","Bone001/Bone007/Bone008/Bone009","Bone001/Bone010/Bone011","Bone001/Bone010/Bone011/Bone012"],[[[7,0.037279028445482254,0.9992824792861938,0.006700465455651283,0,-0.9993049502372742,0.037280622869729996,-0.00011253103730268776,0,-0.00036224781069904566,-0.006691613234579563,0.9999775290489197,0,-0.20542237162590027,-0.014384512789547443,-0.541435956954956,1],[7,0.6515454649925232,0.741513729095459,-0.1601429134607315,0,-0.7182392477989197,0.6709181070327759,0.18439428508281708,0,0.24417369067668915,-0.005120341200381517,0.9697179198265076,0,-0.17717058956623077,-0.22420774400234222,-0.2571028470993042,1],[7,0.03538554534316063,0.9993512034416199,0.006700465455651283,0,-0.9993736743927002,0.03538709506392479,-0.00011253103730268776,0,-0.00034956802846863866,-0.0066922870464622974,0.9999775290489197,0,0.6326368451118469,-0.014773727394640446,-0.541435956954956,1],[7,-0.6539198160171509,0.7418112754821777,0.14867639541625977,0,-0.7222675085067749,-0.6706008315086365,0.1691863238811493,0,0.22520683705806732,0.0032501565292477608,0.9743053913116455,0,-0.1523597091436386,0.19537247717380524,-0.2718718349933624,1],[7,0.17904874682426453,-0.9790579080581665,0.0968867763876915,0,0.9413843750953674,0.19910652935504913,0.2723088264465332,0,-0.2858969569206238,0.0424511544406414,0.957319438457489,0,-0.3506770431995392,0.2949444353580475,-0.5764005184173584,1],[7,0.5534074902534485,-0.8181682825088501,-0.15601354837417603,0,0.7916275262832642,0.5749077796936035,-0.2068975865840912,0,0.2589704692363739,-0.009005938656628132,0.9658433198928833,0,-0.6720281839370728,-0.15131007134914398,-0.12611502408981323,1],[7,0.957568883895874,-0.03560130298137665,-0.28599685430526733,0,0.03718416392803192,0.9993086457252502,0.00010394644777989015,0,0.28579533100128174,-0.010734091512858868,0.9582306742668152,0,-0.36708879470825195,-0.33048826456069946,-0.18901774287223816,1],[7,0.1871100217103958,-0.7932354211807251,0.5794544219970703,0,-0.33778148889541626,0.5019502639770508,0.7962096333503723,0,-0.9224388599395752,-0.344707727432251,-0.17402034997940063,0,0.20955027639865875,0.5189309120178223,-0.08004593104124069,1],[7,-0.07271135598421097,-0.20691344141960144,0.9756536483764648,0,0.0013919605407863855,0.9782211184501648,0.2075616717338562,0,-0.9973520040512085,0.01645016297698021,-0.0708397701382637,0,0.022699015215039253,0.35892099142074585,-0.42876556515693665,1],[7,0.30678224563598633,-0.10006318986415863,0.9465050101280212,0,-0.00934798363596201,0.9940934777259827,0.1081240326166153,0,-0.9517337083816528,-0.04201845824718475,0.30403485894203186,0,0.17800921201705933,-0.28021788597106934,-0.6921606063842773,1],[7,0.2704243063926697,-0.010684290900826454,0.9626818895339966,0,0.08170311897993088,0.9965857863426208,-0.011890426278114319,0,-0.9592680335044861,0.08186957985162735,0.27037397027015686,0,-0.23030152916908264,-0.34152987599372864,-0.6617244482040405,1],[7,0.19400306046009064,-0.8228151202201843,0.5341699123382568,0,0.28081414103507996,0.5683086514472961,0.7734133005142212,0,-0.9399502277374268,-0.00004209676626487635,0.34131166338920593,0,0.04220506176352501,-0.1474665254354477,-0.9558092355728149,1],[7,0.08571045100688934,-0.755728006362915,0.6492519974708557,0,0.2827935814857483,0.6433023810386658,0.711469829082489,0,-0.9553438425064087,0.12262389063835144,0.26885271072387695,0,-0.3154563307762146,-0.24581940472126007,-0.9525083899497986,1],[7,-0.96943598985672,-0.041455596685409546,0.2418164610862732,0,0.04199134558439255,-0.9991138577461243,-0.0029399320483207703,0,0.24172402918338776,0.007304124068468809,0.9703174829483032,0,-0.3089607059955597,0.32263872027397156,-0.22393842041492462,1],[7,-0.5402995944023132,-0.8310360908508301,0.13211689889431,0,0.8100904226303101,-0.5561766028404236,-0.18552899360656738,0,0.22766172885894775,0.006785389501601458,0.9737164378166199,0,-0.6455345749855042,0.14407387375831604,-0.16106288135051727,1],[7,-0.21143807470798492,-0.9703189730644226,-0.11736657470464706,0,0.9168158173561096,-0.23851561546325684,0.3202490210533142,0,-0.33873748779296875,-0.03989068418741226,0.9400349855422974,0,-0.2939756512641907,-0.23309582471847534,-0.6169398427009583,1],[7,-0.18684720993041992,-0.798823893070221,-0.571811318397522,0,-0.2897752523422241,-0.5113480687141418,0.8090447187423706,0,-0.9386788606643677,0.3168645203113556,-0.1359354853630066,0,0.2271442711353302,-0.49911487102508545,-0.06132494658231735,1],[7,0.04925093054771423,-0.21200969815254211,-0.9760255217552185,0,0.03515646234154701,-0.9762380123138428,0.2138298600912094,0,-0.9981672763824463,-0.04484493285417557,-0.0406271256506443,0,0.012880551628768444,-0.35162994265556335,-0.4018734097480774,1],[7,-0.3145071864128113,-0.018694326281547546,-0.949070930480957,0,-0.0065754251554608345,-0.9997393488883972,0.021871352568268776,0,-0.9492322206497192,0.013119245879352093,0.3143022656440735,0,0.17936217784881592,0.3332667648792267,-0.6473274827003479,1],[7,-0.34905487298965454,-0.007319282274693251,-0.9370735883712769,0,0.007260833401232958,-0.9999608993530273,0.0051058558747172356,0,-0.9370741844177246,-0.005021712742745876,0.3490942418575287,0,-0.2536492943763733,0.34079432487487793,-0.6328583359718323,1],[7,-0.1878119260072708,-0.7207071781158447,-0.6673136949539185,0,0.2951696813106537,-0.68941330909729,0.6615013480186462,0,-0.9368036985397339,-0.07273293286561966,0.3422110676765442,0,0.039182424545288086,0.3203584551811218,-0.8991367220878601,1],[7,-0.18477551639080048,-0.7487742304801941,-0.6365491151809692,0,0.2250196486711502,-0.662729024887085,0.7142521739006042,0,-0.9566733241081238,-0.011259726248681545,0.2909451425075531,0,-0.3077654540538788,0.284492552280426,-0.9354430437088013,1]],8,8,8,8,8,8,8,8,8,8,8,8,8,8,8,8,8,8,8,8,8,8]]],0,0,[],[],[]],[[[1,".bin",1914249843,[{"primitives":[{"primitiveMode":7,"jointMapIndex":0,"vertexBundelIndices":[0],"indexView":{"offset":51912,"length":11352,"count":2838,"stride":4}}],"vertexBundles":[{"view":{"offset":0,"length":51912,"count":721,"stride":72},"attributes":[{"name":"a_position","format":32,"isNormalized":false},{"name":"a_normal","format":32,"isNormalized":false},{"name":"a_texCoord","format":21,"isNormalized":false},{"name":"a_tangent","format":44,"isNormalized":false},{"name":"a_joints","format":42,"isNormalized":false},{"name":"a_weights","format":44,"isNormalized":false}]}],"jointMaps":[[0,1,2,3,4,5,6,7,9,11,13,14,15,16,18,20]]},"minPosition",8,[1,-0.7238529324531555,-1.5886280536651611,-0.013595009222626686],"maxPosition",8,[1,0.7584086060523987,1.0510190725326538,0.9336040616035461]]],-1],0,0,[],[],[]]]]
