[1,0,0,[["cc.Skeleton",["_name","_hash","_joints","_bindposes"],0,12],["cc.Mesh",["_native","_hash","_struct"],1,11]],[[0,0,1,2,3,4],[1,0,1,2,3]],[[[[0,"Skin-0",1184718397,["Circle001/Dummy001/Circle002/body","Circle001/Dummy001/Circle002/body/head","Circle001/Dummy001/Circle002/body/head/chuxu_l_1/chuxu_l_2/chuxu_l_3/chuxu_l_4","Circle001/Dummy001/Circle002/body/head/chuxu_l_1","Circle001/Dummy001/Circle002/body/head/chuxu_l_1/chuxu_l_2","Circle001/Dummy001/Circle002/body/head/chuxu_l_1/chuxu_l_2/chuxu_l_3","Circle001/Dummy001/Circle002/Point004/leg_l_1","Circle001/Dummy001/Circle002/Point005/leg_l_2","Circle001/Dummy001/Circle002/Point006/leg_l_3","Circle001/Dummy001/Circle002/body/head/chuxu_r_1/chuxu_r_2/chuxu_r_3/chuxu_r_4","Circle001/Dummy001/Circle002/body/head/chuxu_r_1","Circle001/Dummy001/Circle002/body/head/chuxu_r_1/chuxu_r_2","Circle001/Dummy001/Circle002/body/head/chuxu_r_1/chuxu_r_2/chuxu_r_3","Circle001/Dummy001/Circle002/Point002/leg_r_1","Circle001/Dummy001/Circle002/Point001/leg_r_2","Circle001/Dummy001/Circle002/Point003/leg_r_3"],[[[7,0.0027395726647228003,0.9999963045120239,-1.3842262447383291e-8,0,-0.9999961256980896,0.0027395731303840876,-3.865381472678564e-7,0,-3.864987832002953e-7,1.4901162970204496e-8,0.9999998807907104,0,0.04704592004418373,0.005067253950983286,-0.24235352873802185,1],[7,0.006849737837910652,0.999976634979248,0.000012158369827375282,0,-0.9999748468399048,0.006849749945104122,-0.0017773752333596349,0,-0.001777416793629527,1.6489632770344542e-8,0.9999982714653015,0,-0.44515785574913025,0.006898912135511637,-0.2431449592113495,1],[7,0.4373633861541748,-0.775736927986145,-0.38473087549209595,0,-0.6141993403434753,-0.07972722500562668,-0.7079890966415405,0,0.4669754207134247,0.6216826438903809,-0.5708634853363037,0,-0.7611699104309082,-0.18983453512191772,-0.07911159843206406,1],[7,0.49338242411613464,-0.8554939031600952,-0.15717463195323944,0,-0.3049834668636322,-0.0009200459462590516,-0.9523570537567139,0,0.814591109752655,0.5178120136260986,-0.2613654136657715,0,-0.46768566966056824,-0.08283796906471252,-0.39316558837890625,1],[7,0.4253297448158264,-0.8352953195571899,-0.2582744359970093,0,-0.42681166529655457,-0.01299066562205553,-0.8732759356498718,0,0.6362834572792053,0.5496471524238586,-0.4131374955177307,0,-0.5439470410346985,-0.10484328120946884,-0.2758447229862213,1],[7,0.4373633861541748,-0.775736927986145,-0.38473087549209595,0,-0.6141993403434753,-0.07972722500562668,-0.7079890966415405,0,0.4669754207134247,0.6216826438903809,-0.5708634853363037,0,-0.6688618659973145,-0.1898345649242401,-0.07911160588264465,1],[7,0.7799380421638489,-0.5787619948387146,0.23818250000476837,0,-0.3621131479740143,-0.7277071475982666,-0.5825083255767822,0,-0.5104609727859497,-0.368071585893631,0.777143657207489,0,-0.14929239451885223,0.010962873697280884,-0.34492960572242737,1],[7,0.8781964778900146,0.022243231534957886,0.47778281569480896,0,0.013668541796505451,-0.999677300453186,0.021416397765278816,0,-0.4781051278114319,0.012277210131287575,0.8782167434692383,0,-0.17039670050144196,0.019100181758403778,-0.31437522172927856,1],[7,0.7807127237319946,0.5857020616531372,0.21780765056610107,0,0.37460222840309143,-0.7176454067230225,0.5870755910873413,0,-0.5001601576805115,0.3767463266849518,0.7796803116798401,0,-0.17965291440486908,0.037536367774009705,-0.37940627336502075,1],[7,-0.43735256791114807,0.7757511734962463,0.3847180902957916,0,-0.6141995191574097,-0.07972699403762817,-0.7079888582229614,0,0.4669853448867798,0.6216650605201721,-0.5708722472190857,0,-0.7611706852912903,-0.1898333579301834,-0.0791107714176178,1],[7,-0.4933636486530304,0.8555058836936951,0.1571684032678604,0,-0.3049837350845337,-0.0009204453090205789,-0.9523568749427795,0,0.8146023154258728,0.517792284488678,-0.2613694667816162,0,-0.4676866829395294,-0.08283685147762299,-0.3931650221347809,1],[7,-0.4253150522708893,0.8353081345558167,0.25826483964920044,0,-0.42681190371513367,-0.012990911491215229,-0.8732756972312927,0,0.6362931132316589,0.5496279001235962,-0.4131437838077545,0,-0.5439478158950806,-0.10484209656715393,-0.2758439779281616,1],[7,-0.43735256791114807,0.7757511734962463,0.3847180902957916,0,-0.6141995191574097,-0.07972699403762817,-0.7079888582229614,0,0.4669853448867798,0.6216650605201721,-0.5708722472190857,0,-0.6688626408576965,-0.189833402633667,-0.0791107714176178,1],[7,-0.7799374461174011,-0.5787630677223206,0.2381821870803833,0,-0.36211422085762024,0.7277066111564636,0.5825085043907166,0,-0.5104612708091736,0.36807116866111755,-0.7771438360214233,0,-0.14928966760635376,-0.010960939340293407,0.3449288010597229,1],[7,-0.8781933784484863,0.022302260622382164,0.4777853488922119,0,0.013736174441874027,0.9996767044067383,-0.02141549438238144,0,-0.47810834646224976,-0.012244010344147682,-0.8782153725624084,0,-0.17040039598941803,-0.01908877119421959,0.31437748670578003,1],[7,-0.7807127237319946,0.5857016444206238,0.21780911087989807,0,0.37460124492645264,0.7176462411880493,-0.587075412273407,0,-0.500160813331604,-0.37674587965011597,-0.7796802520751953,0,-0.17964960634708405,-0.03753889352083206,0.379405677318573,1]],8,8,8,8,8,8,8,8,8,8,8,8,8,8,8,8]]],0,0,[],[],[]],[[[1,".bin",473800853,[{"primitives":[{"primitiveMode":7,"jointMapIndex":0,"vertexBundelIndices":[0],"indexView":{"offset":87696,"length":14400,"count":3600,"stride":4}}],"vertexBundles":[{"view":{"offset":0,"length":87696,"count":1218,"stride":72},"attributes":[{"name":"a_position","format":32,"isNormalized":false},{"name":"a_normal","format":32,"isNormalized":false},{"name":"a_texCoord","format":21,"isNormalized":false},{"name":"a_tangent","format":44,"isNormalized":false},{"name":"a_joints","format":42,"isNormalized":false},{"name":"a_weights","format":44,"isNormalized":false}]}],"jointMaps":[[0,1,2,3,4,5,6,7,8,9,10,11,12,13,14,15]]},"minPosition",8,[1,-0.6390426754951477,-0.774183452129364,-0.009080419316887856],"maxPosition",8,[1,0.6390426754951477,0.5437631607055664,0.581089437007904]]],-1],0,0,[],[],[]]]]
