[1,["a7YStUNeNCOKGpSntUY1g5","96duxEb9hFX7go1Q/fGqaX@6c48a","d1NGQ2rJZCcbhjH0/erZWw","3cVmOIu7hKHIeQDucgnpHU@6c48a","f5u/GV2+lOBKXjZLkNayOL@6c48a","a0vtVYvZFAP5zDXJYdtt2l","92+SjeZB9J16+HHDXpr8Gj@8b3d1","30PlikAYJCVJ08hkzMrU40@c2696","6e/l5tYJdH84cAUz80OrRT@6c48a","af0sZutkZMibNajjKbtzKB@6c48a","ddkoe449ZC+LUdd9Lojqkg@6c48a","2fnfoXGtFGJpQtAsX9+wFV@fc087","2fnfoXGtFGJpQtAsX9+wFV@438fe","2fnfoXGtFGJpQtAsX9+wFV@eb8b0","39vlubziVOA4FeeR+kPe/T","92+SjeZB9J16+HHDXpr8Gj@2ba4e","92+SjeZB9J16+HHDXpr8Gj@438fe","dcE5p2rzVAYZZ+qg7x3KWL","e4lB5SAjpGfaLoAWV1S97B@3004f","2fnfoXGtFGJpQtAsX9+wFV@2cd1c","e2yUBDI3ZOy4OebbLLPFcA@9292d","5e7TKZYRRMUYIaeyjYPrim@1bee0","99hiCXRwJITbnRtadXTI8V@f8e01","83hvsTK+xKlrbgvrW/zXcx@3e4ed","e2R07PXSBBLopD7xYj/u7I@e9e1d","1a2wT55w9IOIrKl4b6kazI@7322a","154QoIUVpJU6qWbxf0UWfG@18fe4","7dqRcsdsJEwKtHfuZSvsH+@a1ca5","4e2NQ4BVNL86Zt5obsCtJL","733phjj5xKNIiS88LEF0Rx@00098","87467CJRhFzZfuRud1Burm","a55d5NT8hLLJtmyaaEDoN5"],["_parent","node","mainTexture","_effectAsset","_mesh","target","emissiveMap","root","_particleSystem","_skeleton","_defaultClip","_mainTexture","data"],[["cc.RealKeyframeValue",["interpolationMode","value","rightTangentWeight","leftTangentWeight","rightTangent","leftTangent"],-3],["cc.Node",["_name","_prefab","_parent","_lpos","_components","_lrot","_euler","_children","_lscale"],2,4,1,5,9,5,5,12,5],["cc.Node",["_name","_children","_prefab","_parent","_lrot","_euler","_lpos","_lscale","_components"],2,2,4,1,5,5,5,5,9],["cc.CurveRange",["mode","constantMin","constantMax","constant","multiplier","spline"],-2,4],["cc.GradientRange",["_mode","color","gradient"],2,5,4],["cc.ColorKey",["time","color"],2,5],["cc.Material",["_states","_defines","_techIdx","_props"],0,12],["cc.Node",["_name","_active","_parent","_prefab","_lpos","_children","_lrot","_euler","_components"],1,1,4,5,9,5,5,2],["cc.SkeletalAnimation",["playOnLoad","node","__prefab","_clips","_defaultClip","_sockets"],2,1,4,3,6,9],["cc.MeshRenderer",["_shadowCastingMode","_shadowReceivingMode","node","__prefab","_materials","lightmapSettings","_mesh"],1,1,4,3,4,6],["cc.ParticleSystem",["duration","playOnAwake","_capacity","_simulationSpace","simulationSpeed","node","__prefab","_materials","startColor","startSizeX","startSizeY","startSizeZ","startSpeed","startRotationX","startRotationY","startRotationZ","startDelay","startLifetime","gravityModifier","rateOverTime","rateOverDistance","_colorOverLifetimeModule","_shapeModule","_sizeOvertimeModule","_velocityOvertimeModule","_forceOvertimeModule","_limitVelocityOvertimeModule","_rotationOvertimeModule","_textureAnimationModule","_trailModule","renderer"],-2,1,4,12,4,4,4,4,4,4,4,4,4,4,4,4,4,4,4,4,4,4,4,4,4,4,4],["cc.ColorOvertimeModule",["_enable","color"],2,4],["cc.AlphaKey",["alpha","time"],1],["cc.ShapeModule",["_shapeType","radius","_angle","_enable","arcSpeed","_scale"],-1,4,5],["cc.Skeleton",["_name","_hash","_joints","_bindposes"],0,12],["cc.Mesh",["_native","_hash","_struct"],1,11],["cc.EffectAsset",["_name","shaders","techniques"],0],["cc.Prefab",["_name"],2],["cc.PrefabInfo",["fileId","root","asset"],2,1,1],["cc.CompPrefabInfo",["fileId"],2],["cc.SkeletalAnimation.Socket",["path","target"],2,1],["cc.SkinnedMeshRenderer",["_shadowCastingMode","_shadowReceivingMode","node","__prefab","_materials","lightmapSettings","_skinningRoot","_mesh","_skeleton"],1,1,4,3,4,1,6,6],["cc.ModelLightmapSettings",[],3],["cc.Gradient",["colorKeys","alphaKeys"],3,9,9],["cc.SizeOvertimeModule",["_enable","size","x","y","z"],2,4,4,4,4],["cc.RealCurve",["_times","_values"],2,9],["cc.VelocityOvertimeModule",["x","y","z","speedModifier"],3,4,4,4,4],["cc.ForceOvertimeModule",["x","y","z"],3,4,4,4],["cc.LimitVelocityOvertimeModule",["limitX","limitY","limitZ","limit"],3,4,4,4,4],["cc.RotationOvertimeModule",["x","y","z"],3,4,4,4],["cc.TextureAnimationModule",["frameOverTime","startFrame"],3,4,4],["cc.TrailModule",["_space","lifeTime","widthRatio","colorOverTrail","colorOvertime","_particleSystem"],2,4,4,4,4,1],["cc.ParticleSystemRenderer",["_mainTexture"],3,6]],[[18,0,1,2,2],[3,1],[2,0,3,1,2,6,4,5,2],[19,0,2],[3,3,2],[25,0,1,2],[1,0,2,1,3,2],[3,0,5,2],[12,0,1,3],[7,0,2,5,3,4,6,7,2],[22,1],[4,1],[0,0,1,3],[15,0,1,2,3],[1,0,2,1,3,5,8,6,2],[5,0,2],[0,1,4,2,5,3,6],[6,0,1,3,3],[1,0,2,4,1,3,5,6,2],[20,0,1,2],[0,0,2,3,4],[14,0,1,2,3,4],[6,2,0,1,3,4],[1,0,2,4,1,5,6,2],[7,0,1,2,8,3,4,3],[21,0,1,2,3,4,5,6,7,8,3],[9,0,1,2,3,4,5,6,3],[4,0,2,2],[3,0,1,2,4],[3,0,4,5,3],[23,0,1,1],[5,1],[5,0,1,2],[12,1],[24,0,1,2,3,4,2],[0,0,1,2,3,5],[0,4,2,5,3,5],[0,0,1,4,5,5],[26,0,1,2,3,1],[27,0,1,2,1],[28,0,1,2,3,1],[29,0,1,2,1],[30,0,1,1],[31,0,1,2,3,4,5,2],[32,0,1],[16,0,1,2,4],[17,0,2],[1,0,7,1,2],[1,0,7,4,1,3,2],[2,0,3,1,8,2,4,7,5,2],[2,0,1,2,6,4,5,2],[2,0,3,1,2,2],[2,0,3,1,2,6,7,2],[8,0,1,2,3,5,4,2],[8,0,1,2,3,4,2],[9,2,3,4,5,6,1],[10,0,4,1,2,3,5,6,7,8,9,10,11,12,13,14,15,16,17,18,19,20,21,22,23,24,25,26,27,28,29,30,6],[10,0,1,2,3,5,6,7,8,9,10,11,12,13,14,15,16,17,18,19,20,21,22,23,24,25,26,27,28,29,30,5],[4,1,1],[11,1,1],[11,0,1,2],[13,0,1,2,4,5,4],[13,3,0,1,2,4,5,5],[0,0,1,4,2,5,3,7]],[[[[21,"Skin-0",2127969234,["mixamorig:Hips/mixamorig:Spine/mixamorig:Spine1/mixamorig:Spine2/mixamorig:Neck/mixamorig:Head","mixamorig:Hips/mixamorig:Spine/mixamorig:Spine1/mixamorig:Spine2/mixamorig:Neck","mixamorig:Hips/mixamorig:Spine/mixamorig:Spine1/mixamorig:Spine2","mixamorig:Hips/mixamorig:Spine/mixamorig:Spine1/mixamorig:Spine2/mixamorig:RightShoulder","mixamorig:Hips/mixamorig:Spine/mixamorig:Spine1/mixamorig:Spine2/mixamorig:RightShoulder/mixamorig:RightArm","mixamorig:Hips/mixamorig:Spine/mixamorig:Spine1/mixamorig:Spine2/mixamorig:LeftShoulder","mixamorig:Hips/mixamorig:Spine/mixamorig:Spine1/mixamorig:Spine2/mixamorig:LeftShoulder/mixamorig:LeftArm","mixamorig:Hips/mixamorig:Spine/mixamorig:Spine1/mixamorig:Spine2/mixamorig:RightShoulder/mixamorig:RightArm/mixamorig:RightForeArm","mixamorig:Hips/mixamorig:RightUpLeg","mixamorig:Hips","mixamorig:Hips/mixamorig:LeftUpLeg","mixamorig:Hips/mixamorig:Spine/mixamorig:Spine1/mixamorig:Spine2/mixamorig:LeftShoulder/mixamorig:LeftArm/mixamorig:LeftForeArm","mixamorig:Hips/mixamorig:Spine/mixamorig:Spine1","mixamorig:Hips/mixamorig:Spine","mixamorig:Hips/mixamorig:LeftUpLeg/mixamorig:LeftLeg","mixamorig:Hips/mixamorig:LeftUpLeg/mixamorig:LeftLeg/mixamorig:LeftFoot/mixamorig:LeftToeBase","mixamorig:Hips/mixamorig:LeftUpLeg/mixamorig:LeftLeg/mixamorig:LeftFoot","mixamorig:Hips/mixamorig:RightUpLeg/mixamorig:RightLeg","mixamorig:Hips/mixamorig:RightUpLeg/mixamorig:RightLeg/mixamorig:RightFoot/mixamorig:RightToeBase","mixamorig:Hips/mixamorig:RightUpLeg/mixamorig:RightLeg/mixamorig:RightFoot","mixamorig:Hips/mixamorig:Spine/mixamorig:Spine1/mixamorig:Spine2/mixamorig:LeftShoulder/mixamorig:LeftArm/mixamorig:LeftForeArm/mixamorig:LeftHand","mixamorig:Hips/mixamorig:Spine/mixamorig:Spine1/mixamorig:Spine2/mixamorig:LeftShoulder/mixamorig:LeftArm/mixamorig:LeftForeArm/mixamorig:LeftHand/mixamorig:LeftHandIndex1","mixamorig:Hips/mixamorig:Spine/mixamorig:Spine1/mixamorig:Spine2/mixamorig:LeftShoulder/mixamorig:LeftArm/mixamorig:LeftForeArm/mixamorig:LeftHand/mixamorig:LeftHandIndex1/mixamorig:LeftHandIndex2","mixamorig:Hips/mixamorig:Spine/mixamorig:Spine1/mixamorig:Spine2/mixamorig:LeftShoulder/mixamorig:LeftArm/mixamorig:LeftForeArm/mixamorig:LeftHand/mixamorig:LeftHandIndex1/mixamorig:LeftHandIndex2/mixamorig:LeftHandIndex3","mixamorig:Hips/mixamorig:Spine/mixamorig:Spine1/mixamorig:Spine2/mixamorig:RightShoulder/mixamorig:RightArm/mixamorig:RightForeArm/mixamorig:RightHand","mixamorig:Hips/mixamorig:Spine/mixamorig:Spine1/mixamorig:Spine2/mixamorig:RightShoulder/mixamorig:RightArm/mixamorig:RightForeArm/mixamorig:RightHand/mixamorig:RightHandIndex1","mixamorig:Hips/mixamorig:Spine/mixamorig:Spine1/mixamorig:Spine2/mixamorig:RightShoulder/mixamorig:RightArm/mixamorig:RightForeArm/mixamorig:RightHand/mixamorig:RightHandIndex1/mixamorig:RightHandIndex2","mixamorig:Hips/mixamorig:Spine/mixamorig:Spine1/mixamorig:Spine2/mixamorig:RightShoulder/mixamorig:RightArm/mixamorig:RightForeArm/mixamorig:RightHand/mixamorig:RightHandIndex1/mixamorig:RightHandIndex2/mixamorig:RightHandIndex3"],[[[7,1,0,0,0,0,1.2246468525851679e-16,-1,0,0,1,1.2246468525851679e-16,0,0,-0.018371017649769783,-0.0018827877938747406,1],[7,1,0,0,0,0,1.2246468525851679e-16,-1,0,0,1,1.2246468525851679e-16,0,0,-0.01620698720216751,-0.0015562704065814614,1],[7,1,0,0,0,0,-0.18806535005569458,-0.98215651512146,0,0,0.98215651512146,-0.18806535005569458,0,0,-0.015136887319386005,0.0015194719890132546,1],[7,0.07485752552747726,-0.9155815839767456,0.39510348439216614,0,-0.9795010685920715,0.006794539280235767,0.20132440328598022,0,-0.18701346218585968,-0.4020749628543854,-0.8963044285774231,0,0.001507129636593163,0.005522646941244602,0.01484307274222374,1],[7,0.10012679547071457,-0.9852477312088013,0.1387856900691986,0,-0.9793148636817932,-0.07293727993965149,0.1887395828962326,0,-0.175832599401474,-0.154812753200531,-0.9721707105636597,0,0.0014085250440984964,-0.00047667804756201804,0.015263178385794163,1],[7,0.08919157087802887,0.9155815243721008,-0.39211657643318176,0,0.9783849716186523,-0.006794553250074387,0.20668017864227295,0,0.18656828999519348,-0.4020751118659973,-0.8963971734046936,0,-0.0015018957201391459,0.005501501262187958,0.014852859079837799,1],[7,0.08476770669221878,0.9863510727882385,-0.14115944504737854,0,0.9784063696861267,-0.05559500306844711,0.19907328486442566,0,0.18850839138031006,-0.15498627722263336,-0.9697648286819458,0,-0.001518914708867669,-0.00045268176472745836,0.015257425606250763,1],[7,0.04833156242966652,-0.9470126628875732,0.31753912568092346,0,-0.9817920327186584,0.013428553938865662,0.1894838958978653,0,-0.18370774388313293,-0.32091543078422546,-0.9291204214096069,0,0.0012525598285719752,-0.00016220012912526727,0.015555819496512413,1],[7,-0.9888326525688171,-0.14903010427951813,-1.6887000131582397e-10,0,0.008620155043900013,-0.0571957603096962,-0.998325765132904,0,0.14878059923648834,-0.9871771335601807,0.057841699570417404,0,-0.004041713662445545,0.011751996353268623,-0.001667615375481546,1],[7,1,0,0,0,0,1.2246468525851679e-16,-1,0,0,1,1.2246468525851679e-16,0,0,-0.012692197225987911,-0.0008832508465275168,1],[7,-0.9888302087783813,0.14904636144638062,-3.3602806648325156e-10,0,-0.008329849690198898,-0.05526339262723923,-0.9984371066093445,0,-0.1488134115934372,-0.9872847199440002,0.05588764697313309,0,0.004042275715619326,0.01175437867641449,-0.0016573381144553423,1],[7,0.04809669032692909,0.9469596147537231,-0.3177330195903778,0,0.9797956943511963,0.01709611341357231,0.19926874339580536,0,0.19413144886493683,-0.32089763879776,-0.9270046949386597,0,-0.001409814809449017,-0.0001559390511829406,0.015542136505246162,1],[7,1,0,0,0,0,-0.18806535005569458,-0.98215651512146,0,0,0.98215651512146,-0.18806535005569458,0,0,-0.014182580634951591,0.0015194719890132546,1],[7,1,0,0,0,0,-0.18806548416614532,-0.9821564555168152,0,0,0.9821564555168152,-0.18806548416614532,0,0,-0.013347563333809376,0.0015194740844890475,1],[7,-0.9733638167381287,0.22309933602809906,0.05281566083431244,0,-0.012813124805688858,0.17707276344299316,-0.9841143488883972,0,-0.22890746593475342,-0.9585781097412109,-0.16949762403964996,0,0.004524218384176493,0.0059471032582223415,-0.00029525309219025075,1],[7,-0.6469258069992065,-0.6888163089752197,0.3271377682685852,0,0.7537585496902466,-0.6425967812538147,0.13754071295261383,0,0.11547737568616867,0.33556151390075684,0.9349136352539062,0,0.002922434825450182,0.0020564310252666473,-0.0019613320473581553,1],[7,-0.6267989873886108,-0.752062976360321,-0.20377498865127563,0,0.7791785597801208,-0.6056362390518188,-0.16150999069213867,0,-0.0019478320609778166,-0.26001137495040894,0.9656035900115967,0,0.002953167539089918,0.0034394084941595793,-0.00007253969670273364,1],[7,-0.973351776599884,-0.2232499122619629,-0.05240027979016304,0,0.013264087960124016,0.1733125001192093,-0.984777569770813,0,0.22893312573432922,-0.9592300653457642,-0.16573281586170197,0,-0.004523808136582375,0.0059457034803926945,-0.0003173846926074475,1],[7,-0.6636932492256165,0.7102130651473999,-0.2347523272037506,0,-0.7469987273216248,-0.613041341304779,0.25724154710769653,0,0.03878343477845192,0.3460891842842102,0.9373996257781982,0,-0.0031599784269928932,0.0021086500491946936,-0.0015075806295499206,1],[7,-0.6674793362617493,0.7177144289016724,0.19838695228099823,0,-0.7443360090255737,-0.6505658626556396,-0.1507580578327179,0,0.02086254395544529,-0.2482944279909134,0.968459963798523,0,-0.0031586741097271442,0.003252475755289197,-0.00009969242091756314,1],[7,0.06517993658781052,0.930996298789978,-0.35916218161582947,0,0.9799447059631348,0.008202739991247654,0.19910071790218353,0,0.18830814957618713,-0.3649364709854126,-0.9117901921272278,0,-0.001468439120799303,-0.0025459881871938705,0.01566973701119423,1],[7,0.09979891777038574,0.9263131618499756,-0.3632962703704834,0,0.9795706272125244,-0.02740156650543213,0.19922488927841187,0,0.17458973824977875,-0.37575680017471313,-0.9101237654685974,0,-0.001588116167113185,-0.003114759922027588,0.01568378135561943,1],[7,0.09979891777038574,0.9263131618499756,-0.3632962703704834,0,0.9795706272125244,-0.02740156650543213,0.19922488927841187,0,0.17458973824977875,-0.37575680017471313,-0.9101237654685974,0,-0.001588116167113185,-0.003576011396944523,0.01568378135561943,1],[7,0.09979891777038574,0.9263131618499756,-0.3632962703704834,0,0.9795706272125244,-0.02740156650543213,0.19922488927841187,0,0.17458973824977875,-0.37575680017471313,-0.9101237654685974,0,-0.0015925265615805984,-0.004129153676331043,0.015700336545705795,1],[7,0.05850408598780632,-0.9349393844604492,0.3499508500099182,0,-0.9818796515464783,0.009403853677213192,0.18927229940891266,0,-0.18024900555610657,-0.3546828031539917,-0.9174478054046631,0,0.0012875903630629182,-0.002715586218982935,0.015658650547266006,1],[7,0.06516693532466888,-0.9505942463874817,0.3035191297531128,0,-0.9819217324256897,-0.006916516460478306,0.18916116654872894,0,-0.1777162253856659,-0.31035906076431274,-0.9338598251342773,0,0.0013121787924319506,-0.004211560357362032,0.015470067039132118,1],[7,0.06516693532466888,-0.9505942463874817,0.3035191297531128,0,-0.9819217324256897,-0.006916516460478306,0.18916116654872894,0,-0.1777162253856659,-0.31035906076431274,-0.9338598251342773,0,0.0013121787924319506,-0.004657206125557423,0.015470066107809544,1],[7,0.06516693532466888,-0.9505942463874817,0.3035191297531128,0,-0.9819217324256897,-0.006916516460478306,0.18916116654872894,0,-0.1777162253856659,-0.31035906076431274,-0.9338598251342773,0,0.0012817506212741137,-0.005176456179469824,0.015508296899497509,1]],8,8,8,8,8,8,8,8,8,8,8,8,8,8,8,8,8,8,8,8,8,8,8,8,8,8,8,8]]],0,0,[],[],[]],[[[13,".bin",2279149459,[{"primitives":[{"primitiveMode":7,"vertexBundelIndices":[0],"indexView":{"offset":9696,"length":4800,"count":1200,"stride":4}}],"vertexBundles":[{"view":{"offset":0,"length":9696,"count":202,"stride":48},"attributes":[{"name":"a_position","format":32,"isNormalized":false},{"name":"a_normal","format":32,"isNormalized":false},{"name":"a_texCoord","format":21,"isNormalized":false},{"name":"a_tangent","format":44,"isNormalized":false}]}]},"minPosition",8,[1,-0.003983624745160341,-0.0013773601967841387,0.005105277523398399],"maxPosition",8,[1,0.004045708570629358,0.011875721625983715,0.013822788372635841]]],-1],0,0,[],[],[]],[[[13,".bin",1883830278,[{"primitives":[{"primitiveMode":7,"jointMapIndex":0,"vertexBundelIndices":[0],"indexView":{"offset":119088,"length":35856,"count":8964,"stride":4}}],"vertexBundles":[{"view":{"offset":0,"length":119088,"count":1654,"stride":72},"attributes":[{"name":"a_position","format":32,"isNormalized":false},{"name":"a_normal","format":32,"isNormalized":false},{"name":"a_texCoord","format":21,"isNormalized":false},{"name":"a_tangent","format":44,"isNormalized":false},{"name":"a_joints","format":42,"isNormalized":false},{"name":"a_weights","format":44,"isNormalized":false}]}],"jointMaps":[[0,1,2,3,4,5,6,7,8,9,10,11,12,13,14,15,16,17,18,19,20,21,22,23,24,25,26,27]]},"minPosition",8,[1,-0.00998536217957735,-0.007760766893625259,0.000021826628653798252],"maxPosition",8,[1,0.00998536217957735,0.003280624747276306,0.03132909908890724]]],-1],0,0,[],[],[]],[[[17,[{"rasterizerState":{},"depthStencilState":{},"blendState":{"targets":[{}]}},{"rasterizerState":{},"depthStencilState":{},"blendState":{"targets":[{}]}},{},{}],[{"USE_OUTLINE_PASS":true},{"USE_BASE_COLOR_MAP":true,"BASE_COLOR_MAP_AS_SHADE_MAP_1":true,"BASE_COLOR_MAP_AS_SHADE_MAP_2":true},{},{}],[[{"lineWidth":0.4},[{"baseFeather":0.2,"shadeFeather":0.2},"specular",8,[4,1275068416],"mainTexture",6,0],{},{}],0,11,0,0]]],0,0,[0,0],[2,3],[8,0]],[[[22,"1",[{"rasterizerState":{},"depthStencilState":{},"blendState":{"targets":[{}]}}],[{}],[[[{},"tintColor",8,[4,2147483647],"mainTexture",6,0]],11]]],0,0,[0,0],[2,3],[1,2]],[[[13,".bin",856201383,[{"primitives":[{"primitiveMode":7,"jointMapIndex":0,"vertexBundelIndices":[0],"indexView":{"offset":30528,"length":6912,"count":1728,"stride":4}}],"vertexBundles":[{"view":{"offset":0,"length":30528,"count":424,"stride":72},"attributes":[{"name":"a_position","format":32,"isNormalized":false},{"name":"a_normal","format":32,"isNormalized":false},{"name":"a_texCoord","format":21,"isNormalized":false},{"name":"a_tangent","format":44,"isNormalized":false},{"name":"a_joints","format":42,"isNormalized":false},{"name":"a_weights","format":44,"isNormalized":false}]}],"jointMaps":[[0,1,2,3]]},"minPosition",8,[1,-0.014126691967248917,-0.005121263675391674,-0.002747648861259222],"maxPosition",8,[1,0.014147737994790077,0.00562379602342844,0.0036515342071652412]]],-1],0,0,[],[],[]],[[[21,"Skin-0",3661071238,["Bone004","Bone002","Bone008","Bone006"],[[[7,-31.092674255371094,-46.056888580322266,-17.963394165039062,0,-39.879737854003906,35.908748626708984,-23.040029525756836,0,29.21517562866211,-0.00001170055566035444,-50.5682487487793,0,0.1182827427983284,-0.1356770545244217,0.06833625584840775,1],[7,28.539112091064453,-43.485355377197266,15.56078815460205,0,-38.1789665222168,-32.50567626953125,-20.816884994506836,0,25.99001121520996,0.000010591694262984674,-47.66670608520508,0,0.11695988476276398,0.13389717042446136,0.06377163529396057,1],[7,27.412456512451172,-18.61763572692871,-13.599808692932129,0,-16.677942276000977,-30.600614547729492,8.274211883544922,0,-15.919087409973145,0.000009970945939130615,-32.08732986450195,0,0.05360550433397293,0.17395582795143127,-0.026594694703817368,1],[7,-28.263755798339844,-19.960424423217773,14.154437065124512,0,-17.84745216369629,31.609933853149414,8.937956809997559,0,-16.74022674560547,-0.000010299824680259917,-33.42710494995117,0,0.05824087932705879,-0.18194761872291565,-0.029166974127292633,1]],8,8,8,8]]],0,0,[],[],[]],[[[17,[{"rasterizerState":{},"depthStencilState":{},"blendState":{"targets":[{}]}},{"rasterizerState":{},"depthStencilState":{},"blendState":{"targets":[{}]}},{},{}],[{"USE_OUTLINE_PASS":true},{"USE_BASE_COLOR_MAP":true,"BASE_COLOR_MAP_AS_SHADE_MAP_1":true,"BASE_COLOR_MAP_AS_SHADE_MAP_2":true},{},{}],[[{"lineWidth":0.4},[{"baseFeather":0.2,"shadeFeather":0.2},"mainColor",8,[4,4294967295],"specular",8,[4,1275068416],"mainTexture",6,0,"emissiveMap",6,1],{},{}],0,11,0,0]]],0,0,[0,0,0],[2,6,3],[9,10,0]],[[[22,"1",[{"rasterizerState":{},"depthStencilState":{},"blendState":{"targets":[{}]}}],[{}],[[[{},"mainTexture",6,0]],11]]],0,0,[0,0],[2,3],[3,2]],[[[45,"builtin-toon",[{"hash":858575070,"name":"builtin-toon|outline-vs:vert|outline-fs:frag","blocks":[{"name":"OutlineVert","stageFlags":1,"binding":0,"members":[{"name":"outlineParams","type":16,"count":1}],"defines":[]},{"name":"OutlineFrag","stageFlags":16,"binding":1,"members":[{"name":"baseColor","type":16,"count":1}],"defines":[]}],"samplerTextures":[{"name":"baseColorMap","type":28,"count":1,"stageFlags":16,"binding":2,"defines":["USE_BASE_COLOR_MAP"]}],"samplers":[],"textures":[],"buffers":[],"images":[],"subpassInputs":[],"attributes":[{"name":"a_position","format":32,"location":0,"defines":[]},{"name":"a_normal","format":32,"location":1,"defines":[]},{"name":"a_texCoord","format":21,"location":2,"defines":[]},{"name":"a_tangent","format":44,"location":3,"defines":[]},{"name":"a_vertexId","format":11,"location":6,"defines":["CC_USE_MORPH"]},{"name":"a_joints","location":4,"defines":["CC_USE_SKINNING"]},{"name":"a_weights","format":44,"location":5,"defines":["CC_USE_SKINNING"]},{"name":"a_jointAnimInfo","format":44,"isInstanced":true,"location":7,"defines":["CC_USE_SKINNING","CC_USE_BAKED_ANIMATION","USE_INSTANCING"]},{"name":"a_matWorld0","format":44,"isInstanced":true,"location":8,"defines":["USE_INSTANCING"]},{"name":"a_matWorld1","format":44,"isInstanced":true,"location":9,"defines":["USE_INSTANCING"]},{"name":"a_matWorld2","format":44,"isInstanced":true,"location":10,"defines":["USE_INSTANCING"]},{"name":"a_lightingMapUVParam","format":44,"isInstanced":true,"location":11,"defines":["USE_INSTANCING","USE_LIGHTMAP"]},{"name":"a_dyn_batch_id","format":11,"location":12,"defines":["!USE_INSTANCING","USE_BATCHING"]}],"varyings":[{"name":"v_uv","type":14,"count":1,"stageFlags":17,"location":0,"defines":[]}],"fragColors":[{"name":"cc_FragColor","typename":"vec4","type":16,"count":1,"stageFlags":16,"location":0,"defines":[]}],"glsl4":{"vert":"#extension GL_EXT_shader_explicit_arithmetic_types_int32: require\nprecision highp float;\nhighp float decode32 (highp vec4 rgba) {\n  rgba = rgba * 255.0;\n  highp float Sign = 1.0 - (step(128.0, (rgba[3]) + 0.5)) * 2.0;\n  highp float Exponent = 2.0 * (mod(float(int((rgba[3]) + 0.5)), 128.0)) + (step(128.0, (rgba[2]) + 0.5)) - 127.0;\n  highp float Mantissa = (mod(float(int((rgba[2]) + 0.5)), 128.0)) * 65536.0 + rgba[1] * 256.0 + rgba[0] + 8388608.0;\n  return Sign * exp2(Exponent - 23.0) * Mantissa;\n}\nstruct StandardVertInput {\n  highp vec4 position;\n  vec3 normal;\n  vec4 tangent;\n};\nlayout(location = 0) in vec3 a_position;\nlayout(location = 1) in vec3 a_normal;\nlayout(location = 2) in vec2 a_texCoord;\nlayout(location = 3) in vec4 a_tangent;\n#if CC_USE_MORPH\n    int getVertexId() {\n      return gl_VertexIndex;\n    }\n  layout(set = 2, binding = 4) uniform CCMorph {\n    vec4 cc_displacementWeights[15];\n    vec4 cc_displacementTextureInfo;\n  };\n  vec2 getPixelLocation(vec2 textureResolution, int pixelIndex) {\n    float pixelIndexF = float(pixelIndex);\n    float x = mod(pixelIndexF, textureResolution.x);\n    float y = floor(pixelIndexF / textureResolution.x);\n    return vec2(x, y);\n  }\n  vec2 getPixelCoordFromLocation(vec2 location, vec2 textureResolution) {\n    return (vec2(location.x, location.y) + .5) / textureResolution;\n  }\n  #if CC_DEVICE_SUPPORT_FLOAT_TEXTURE\n      vec4 fetchVec3ArrayFromTexture(sampler2D tex, int pixelIndex) {\n        ivec2 texSize = textureSize(tex, 0);\n        return texelFetch(tex, ivec2(pixelIndex % texSize.x, pixelIndex / texSize.x), 0);\n      }\n  #else\n    vec4 fetchVec3ArrayFromTexture(sampler2D tex, int elementIndex) {\n      int pixelIndex = elementIndex * 4;\n      vec2 location = getPixelLocation(cc_displacementTextureInfo.xy, pixelIndex);\n      vec2 x = getPixelCoordFromLocation(location + vec2(0.0, 0.0), cc_displacementTextureInfo.xy);\n      vec2 y = getPixelCoordFromLocation(location + vec2(1.0, 0.0), cc_displacementTextureInfo.xy);\n      vec2 z = getPixelCoordFromLocation(location + vec2(2.0, 0.0), cc_displacementTextureInfo.xy);\n      return vec4(\n        decode32(texture(tex, x)),\n        decode32(texture(tex, y)),\n        decode32(texture(tex, z)),\n        1.0\n      );\n    }\n  #endif\n  float getDisplacementWeight(int index) {\n    int quot = index / 4;\n    int remainder = index - quot * 4;\n    if (remainder == 0) {\n      return cc_displacementWeights[quot].x;\n    } else if (remainder == 1) {\n      return cc_displacementWeights[quot].y;\n    } else if (remainder == 2) {\n      return cc_displacementWeights[quot].z;\n    } else {\n      return cc_displacementWeights[quot].w;\n    }\n  }\n  vec3 getVec3DisplacementFromTexture(sampler2D tex, int vertexIndex) {\n  #if CC_MORPH_PRECOMPUTED\n    return fetchVec3ArrayFromTexture(tex, vertexIndex).rgb;\n  #else\n    vec3 result = vec3(0, 0, 0);\n    int nVertices = int(cc_displacementTextureInfo.z);\n    for (int iTarget = 0; iTarget < CC_MORPH_TARGET_COUNT; ++iTarget) {\n      result += (fetchVec3ArrayFromTexture(tex, nVertices * iTarget + vertexIndex).rgb * getDisplacementWeight(iTarget));\n    }\n    return result;\n  #endif\n  }\n  #if CC_MORPH_TARGET_HAS_POSITION\n    layout(set = 2, binding = 7) uniform sampler2D cc_PositionDisplacements;\n    vec3 getPositionDisplacement(int vertexId) {\n      return getVec3DisplacementFromTexture(cc_PositionDisplacements, vertexId);\n    }\n  #endif\n  #if CC_MORPH_TARGET_HAS_NORMAL\n    layout(set = 2, binding = 8) uniform sampler2D cc_NormalDisplacements;\n    vec3 getNormalDisplacement(int vertexId) {\n      return getVec3DisplacementFromTexture(cc_NormalDisplacements, vertexId);\n    }\n  #endif\n  #if CC_MORPH_TARGET_HAS_TANGENT\n    layout(set = 2, binding = 9) uniform sampler2D cc_TangentDisplacements;\n    vec3 getTangentDisplacement(int vertexId) {\n      return getVec3DisplacementFromTexture(cc_TangentDisplacements, vertexId);\n    }\n  #endif\n  void applyMorph (inout StandardVertInput attr) {\n    int vertexId = getVertexId();\n  #if CC_MORPH_TARGET_HAS_POSITION\n    attr.position.xyz = attr.position.xyz + getPositionDisplacement(vertexId);\n  #endif\n  #if CC_MORPH_TARGET_HAS_NORMAL\n    attr.normal.xyz = attr.normal.xyz + getNormalDisplacement(vertexId);\n  #endif\n  #if CC_MORPH_TARGET_HAS_TANGENT\n    attr.tangent.xyz = attr.tangent.xyz + getTangentDisplacement(vertexId);\n  #endif\n  }\n  void applyMorph (inout vec4 position) {\n  #if CC_MORPH_TARGET_HAS_POSITION\n    position.xyz = position.xyz + getPositionDisplacement(getVertexId());\n  #endif\n  }\n#endif\n#if CC_USE_SKINNING\n    layout(location = 4) in u32vec4 a_joints;\n  layout(location = 5) in vec4 a_weights;\n  #if CC_USE_BAKED_ANIMATION\n    #if USE_INSTANCING\n      layout(location = 7) in highp vec4 a_jointAnimInfo;\n    #endif\n    layout(set = 2, binding = 3) uniform CCSkinningTexture {\n      highp vec4 cc_jointTextureInfo;\n    };\n    layout(set = 2, binding = 2) uniform CCSkinningAnimation {\n      highp vec4 cc_jointAnimInfo;\n    };\n    layout(set = 2, binding = 6) uniform highp sampler2D cc_jointTexture;\n      #else\n    layout(set = 2, binding = 3) uniform CCSkinning {\n      highp vec4 cc_joints[30 * 3];\n    };\n  #endif\n  #if CC_USE_BAKED_ANIMATION\n    #if CC_DEVICE_SUPPORT_FLOAT_TEXTURE\n      mat4 getJointMatrix (float i) {\n              #if USE_INSTANCING\n                highp float j = 3.0 * (a_jointAnimInfo.x * a_jointAnimInfo.y + i) + a_jointAnimInfo.z;\n              #else\n                highp float j = 3.0 * (cc_jointAnimInfo.x * cc_jointTextureInfo.y + i) + cc_jointTextureInfo.z;\n              #endif\n              highp float invSize = cc_jointTextureInfo.w;\n              highp float y = floor(j * invSize);\n              highp float x = floor(j - y * cc_jointTextureInfo.x);\n              y = (y + 0.5) * invSize;\n        vec4 v1 = texture(cc_jointTexture, vec2((x + 0.5) * invSize, y));\n        vec4 v2 = texture(cc_jointTexture, vec2((x + 1.5) * invSize, y));\n        vec4 v3 = texture(cc_jointTexture, vec2((x + 2.5) * invSize, y));\n        return mat4(vec4(v1.xyz, 0.0), vec4(v2.xyz, 0.0), vec4(v3.xyz, 0.0), vec4(v1.w, v2.w, v3.w, 1.0));\n      }\n    #else\n      mat4 getJointMatrix (float i) {\n              #if USE_INSTANCING\n                highp float j = 12.0 * (a_jointAnimInfo.x * a_jointAnimInfo.y + i) + a_jointAnimInfo.z;\n              #else\n                highp float j = 12.0 * (cc_jointAnimInfo.x * cc_jointTextureInfo.y + i) + cc_jointTextureInfo.z;\n              #endif\n              highp float invSize = cc_jointTextureInfo.w;\n              highp float y = floor(j * invSize);\n              highp float x = floor(j - y * cc_jointTextureInfo.x);\n              y = (y + 0.5) * invSize;\n        vec4 v1 = vec4(\n          decode32(texture(cc_jointTexture, vec2((x + 0.5) * invSize, y))),\n          decode32(texture(cc_jointTexture, vec2((x + 1.5) * invSize, y))),\n          decode32(texture(cc_jointTexture, vec2((x + 2.5) * invSize, y))),\n          decode32(texture(cc_jointTexture, vec2((x + 3.5) * invSize, y)))\n        );\n        vec4 v2 = vec4(\n          decode32(texture(cc_jointTexture, vec2((x + 4.5) * invSize, y))),\n          decode32(texture(cc_jointTexture, vec2((x + 5.5) * invSize, y))),\n          decode32(texture(cc_jointTexture, vec2((x + 6.5) * invSize, y))),\n          decode32(texture(cc_jointTexture, vec2((x + 7.5) * invSize, y)))\n        );\n        vec4 v3 = vec4(\n          decode32(texture(cc_jointTexture, vec2((x + 8.5) * invSize, y))),\n          decode32(texture(cc_jointTexture, vec2((x + 9.5) * invSize, y))),\n          decode32(texture(cc_jointTexture, vec2((x + 10.5) * invSize, y))),\n          decode32(texture(cc_jointTexture, vec2((x + 11.5) * invSize, y)))\n        );\n        return mat4(vec4(v1.xyz, 0.0), vec4(v2.xyz, 0.0), vec4(v3.xyz, 0.0), vec4(v1.w, v2.w, v3.w, 1.0));\n      }\n    #endif\n  #else\n    mat4 getJointMatrix (float i) {\n      int idx = int(i);\n      vec4 v1 = cc_joints[idx * 3];\n      vec4 v2 = cc_joints[idx * 3 + 1];\n      vec4 v3 = cc_joints[idx * 3 + 2];\n      return mat4(vec4(v1.xyz, 0.0), vec4(v2.xyz, 0.0), vec4(v3.xyz, 0.0), vec4(v1.w, v2.w, v3.w, 1.0));\n    }\n  #endif\n  mat4 skinMatrix () {\n    vec4 joints = vec4(a_joints);\n    return getJointMatrix(joints.x) * a_weights.x\n         + getJointMatrix(joints.y) * a_weights.y\n         + getJointMatrix(joints.z) * a_weights.z\n         + getJointMatrix(joints.w) * a_weights.w;\n  }\n  void CCSkin (inout vec4 position) {\n    mat4 m = skinMatrix();\n    position = m * position;\n  }\n  void CCSkin (inout StandardVertInput attr) {\n    mat4 m = skinMatrix();\n    attr.position = m * attr.position;\n    attr.normal = (m * vec4(attr.normal, 0.0)).xyz;\n    attr.tangent.xyz = (m * vec4(attr.tangent.xyz, 0.0)).xyz;\n  }\n#endif\nlayout(set = 0, binding = 0) uniform CCGlobal {\n  highp   vec4 cc_time;\n  mediump vec4 cc_screenSize;\n  mediump vec4 cc_nativeSize;\n};\nlayout(set = 0, binding = 1) uniform CCCamera {\n  highp   mat4 cc_matView;\n  highp   mat4 cc_matViewInv;\n  highp   mat4 cc_matProj;\n  highp   mat4 cc_matProjInv;\n  highp   mat4 cc_matViewProj;\n  highp   mat4 cc_matViewProjInv;\n  highp   vec4 cc_cameraPos;\n  mediump vec4 cc_screenScale;\n  mediump vec4 cc_exposure;\n  mediump vec4 cc_mainLitDir;\n  mediump vec4 cc_mainLitColor;\n  mediump vec4 cc_ambientSky;\n  mediump vec4 cc_ambientGround;\n  mediump vec4 cc_fogColor;\n  mediump vec4 cc_fogBase;\n  mediump vec4 cc_fogAdd;\n  mediump vec4 cc_nearFar;\n  mediump vec4 cc_viewPort;\n};\n#if USE_INSTANCING\n  layout(location = 8) in vec4 a_matWorld0;\n  layout(location = 9) in vec4 a_matWorld1;\n  layout(location = 10) in vec4 a_matWorld2;\n  #if USE_LIGHTMAP\n    layout(location = 11) in vec4 a_lightingMapUVParam;\n  #endif\n#elif USE_BATCHING\n  layout(location = 12) in float a_dyn_batch_id;\n  layout(set = 2, binding = 0) uniform CCLocalBatched {\n    highp mat4 cc_matWorlds[10];\n  };\n#else\n  layout(set = 2, binding = 0) uniform CCLocal {\n    highp mat4 cc_matWorld;\n    highp mat4 cc_matWorldIT;\n    highp vec4 cc_lightingMapUVParam;\n  };\n#endif\nlayout(location = 0) out vec2 v_uv;\nlayout(set = 1, binding = 0) uniform OutlineVert {\n  vec4 outlineParams;\n};\nvec4 vert () {\n  StandardVertInput In;\n      In.position = vec4(a_position, 1.0);\n      In.normal = a_normal;\n      In.tangent = a_tangent;\n    #if CC_USE_MORPH\n      applyMorph(In);\n    #endif\n    #if CC_USE_SKINNING\n      CCSkin(In);\n    #endif\n  mat4 matWorld;\n    #if USE_INSTANCING\n      matWorld = mat4(\n        vec4(a_matWorld0.xyz, 0.0),\n        vec4(a_matWorld1.xyz, 0.0),\n        vec4(a_matWorld2.xyz, 0.0),\n        vec4(a_matWorld0.w, a_matWorld1.w, a_matWorld2.w, 1.0)\n      );\n    #elif USE_BATCHING\n      matWorld = cc_matWorlds[int(a_dyn_batch_id)];\n    #else\n      matWorld = cc_matWorld;\n    #endif\n  float width = outlineParams.x * 0.001;\n  #if USE_POSITION_SCALING\n    vec3 dir = normalize(In.position.xyz);\n    float flip = dot(dir, normalize(In.normal)) < 0.0 ? -1.0 : 1.0;\n    In.position.xyz += flip * dir * width * 2.0;\n    vec4 pos = cc_matProj * (cc_matView * matWorld) * In.position;\n  #else\n    In.position.xyz += normalize(In.normal) * width;\n    vec4 pos = cc_matProj * (cc_matView * matWorld) * In.position;\n  #endif\n  pos.z -= outlineParams.y * 0.002;\n  v_uv = a_texCoord;\n  return pos;\n}\nvoid main() { gl_Position = vert(); }","frag":"\nprecision highp float;\nlayout(set = 0, binding = 0) uniform CCGlobal {\n  highp   vec4 cc_time;\n  mediump vec4 cc_screenSize;\n  mediump vec4 cc_nativeSize;\n};\nlayout(set = 0, binding = 1) uniform CCCamera {\n  highp   mat4 cc_matView;\n  highp   mat4 cc_matViewInv;\n  highp   mat4 cc_matProj;\n  highp   mat4 cc_matProjInv;\n  highp   mat4 cc_matViewProj;\n  highp   mat4 cc_matViewProjInv;\n  highp   vec4 cc_cameraPos;\n  mediump vec4 cc_screenScale;\n  mediump vec4 cc_exposure;\n  mediump vec4 cc_mainLitDir;\n  mediump vec4 cc_mainLitColor;\n  mediump vec4 cc_ambientSky;\n  mediump vec4 cc_ambientGround;\n  mediump vec4 cc_fogColor;\n  mediump vec4 cc_fogBase;\n  mediump vec4 cc_fogAdd;\n  mediump vec4 cc_nearFar;\n  mediump vec4 cc_viewPort;\n};\nvec3 SRGBToLinear (vec3 gamma) {\n  return gamma * gamma;\n}\nvec4 CCFragOutput (vec4 color) {\n  return color;\n}\nlayout(location = 0) in vec2 v_uv;\nlayout(set = 1, binding = 1) uniform OutlineFrag {\n  vec4 baseColor;\n};\n#if USE_BASE_COLOR_MAP\n  layout(set = 1, binding = 2) uniform sampler2D baseColorMap;\n#endif\nvec4 frag () {\n  vec4 color = baseColor * cc_mainLitColor;\n  #if USE_BASE_COLOR_MAP\n    vec4 texColor = texture(baseColorMap, v_uv);\n    texColor.rgb = SRGBToLinear(texColor.rgb);\n    color *= texColor;\n  #endif\n  return CCFragOutput(vec4(color.rgb, 1.0));\n}\nlayout(location = 0) out vec4 cc_FragColor;\nvoid main() { cc_FragColor = frag(); }"},"glsl3":{"vert":"\nprecision highp float;\nhighp float decode32 (highp vec4 rgba) {\n  rgba = rgba * 255.0;\n  highp float Sign = 1.0 - (step(128.0, (rgba[3]) + 0.5)) * 2.0;\n  highp float Exponent = 2.0 * (mod(float(int((rgba[3]) + 0.5)), 128.0)) + (step(128.0, (rgba[2]) + 0.5)) - 127.0;\n  highp float Mantissa = (mod(float(int((rgba[2]) + 0.5)), 128.0)) * 65536.0 + rgba[1] * 256.0 + rgba[0] + 8388608.0;\n  return Sign * exp2(Exponent - 23.0) * Mantissa;\n}\nstruct StandardVertInput {\n  highp vec4 position;\n  vec3 normal;\n  vec4 tangent;\n};\nin vec3 a_position;\nin vec3 a_normal;\nin vec2 a_texCoord;\nin vec4 a_tangent;\n#if CC_USE_MORPH\n    in float a_vertexId;\n    int getVertexId() {\n      return int(a_vertexId);\n    }\n  layout(std140) uniform CCMorph {\n    vec4 cc_displacementWeights[15];\n    vec4 cc_displacementTextureInfo;\n  };\n  vec2 getPixelLocation(vec2 textureResolution, int pixelIndex) {\n    float pixelIndexF = float(pixelIndex);\n    float x = mod(pixelIndexF, textureResolution.x);\n    float y = floor(pixelIndexF / textureResolution.x);\n    return vec2(x, y);\n  }\n  vec2 getPixelCoordFromLocation(vec2 location, vec2 textureResolution) {\n    return (vec2(location.x, location.y) + .5) / textureResolution;\n  }\n  #if CC_DEVICE_SUPPORT_FLOAT_TEXTURE\n      vec4 fetchVec3ArrayFromTexture(sampler2D tex, int pixelIndex) {\n        ivec2 texSize = textureSize(tex, 0);\n        return texelFetch(tex, ivec2(pixelIndex % texSize.x, pixelIndex / texSize.x), 0);\n      }\n  #else\n    vec4 fetchVec3ArrayFromTexture(sampler2D tex, int elementIndex) {\n      int pixelIndex = elementIndex * 4;\n      vec2 location = getPixelLocation(cc_displacementTextureInfo.xy, pixelIndex);\n      vec2 x = getPixelCoordFromLocation(location + vec2(0.0, 0.0), cc_displacementTextureInfo.xy);\n      vec2 y = getPixelCoordFromLocation(location + vec2(1.0, 0.0), cc_displacementTextureInfo.xy);\n      vec2 z = getPixelCoordFromLocation(location + vec2(2.0, 0.0), cc_displacementTextureInfo.xy);\n      return vec4(\n        decode32(texture(tex, x)),\n        decode32(texture(tex, y)),\n        decode32(texture(tex, z)),\n        1.0\n      );\n    }\n  #endif\n  float getDisplacementWeight(int index) {\n    int quot = index / 4;\n    int remainder = index - quot * 4;\n    if (remainder == 0) {\n      return cc_displacementWeights[quot].x;\n    } else if (remainder == 1) {\n      return cc_displacementWeights[quot].y;\n    } else if (remainder == 2) {\n      return cc_displacementWeights[quot].z;\n    } else {\n      return cc_displacementWeights[quot].w;\n    }\n  }\n  vec3 getVec3DisplacementFromTexture(sampler2D tex, int vertexIndex) {\n  #if CC_MORPH_PRECOMPUTED\n    return fetchVec3ArrayFromTexture(tex, vertexIndex).rgb;\n  #else\n    vec3 result = vec3(0, 0, 0);\n    int nVertices = int(cc_displacementTextureInfo.z);\n    for (int iTarget = 0; iTarget < CC_MORPH_TARGET_COUNT; ++iTarget) {\n      result += (fetchVec3ArrayFromTexture(tex, nVertices * iTarget + vertexIndex).rgb * getDisplacementWeight(iTarget));\n    }\n    return result;\n  #endif\n  }\n  #if CC_MORPH_TARGET_HAS_POSITION\n    uniform sampler2D cc_PositionDisplacements;\n    vec3 getPositionDisplacement(int vertexId) {\n      return getVec3DisplacementFromTexture(cc_PositionDisplacements, vertexId);\n    }\n  #endif\n  #if CC_MORPH_TARGET_HAS_NORMAL\n    uniform sampler2D cc_NormalDisplacements;\n    vec3 getNormalDisplacement(int vertexId) {\n      return getVec3DisplacementFromTexture(cc_NormalDisplacements, vertexId);\n    }\n  #endif\n  #if CC_MORPH_TARGET_HAS_TANGENT\n    uniform sampler2D cc_TangentDisplacements;\n    vec3 getTangentDisplacement(int vertexId) {\n      return getVec3DisplacementFromTexture(cc_TangentDisplacements, vertexId);\n    }\n  #endif\n  void applyMorph (inout StandardVertInput attr) {\n    int vertexId = getVertexId();\n  #if CC_MORPH_TARGET_HAS_POSITION\n    attr.position.xyz = attr.position.xyz + getPositionDisplacement(vertexId);\n  #endif\n  #if CC_MORPH_TARGET_HAS_NORMAL\n    attr.normal.xyz = attr.normal.xyz + getNormalDisplacement(vertexId);\n  #endif\n  #if CC_MORPH_TARGET_HAS_TANGENT\n    attr.tangent.xyz = attr.tangent.xyz + getTangentDisplacement(vertexId);\n  #endif\n  }\n  void applyMorph (inout vec4 position) {\n  #if CC_MORPH_TARGET_HAS_POSITION\n    position.xyz = position.xyz + getPositionDisplacement(getVertexId());\n  #endif\n  }\n#endif\n#if CC_USE_SKINNING\n    in vec4 a_joints;\n  in vec4 a_weights;\n  #if CC_USE_BAKED_ANIMATION\n    #if USE_INSTANCING\n      in highp vec4 a_jointAnimInfo;\n    #endif\n    layout(std140) uniform CCSkinningTexture {\n      highp vec4 cc_jointTextureInfo;\n    };\n    layout(std140) uniform CCSkinningAnimation {\n      highp vec4 cc_jointAnimInfo;\n    };\n    uniform highp sampler2D cc_jointTexture;\n      #else\n    layout(std140) uniform CCSkinning {\n      highp vec4 cc_joints[30 * 3];\n    };\n  #endif\n  #if CC_USE_BAKED_ANIMATION\n    #if CC_DEVICE_SUPPORT_FLOAT_TEXTURE\n      mat4 getJointMatrix (float i) {\n              #if USE_INSTANCING\n                highp float j = 3.0 * (a_jointAnimInfo.x * a_jointAnimInfo.y + i) + a_jointAnimInfo.z;\n              #else\n                highp float j = 3.0 * (cc_jointAnimInfo.x * cc_jointTextureInfo.y + i) + cc_jointTextureInfo.z;\n              #endif\n              highp float invSize = cc_jointTextureInfo.w;\n              highp float y = floor(j * invSize);\n              highp float x = floor(j - y * cc_jointTextureInfo.x);\n              y = (y + 0.5) * invSize;\n        vec4 v1 = texture(cc_jointTexture, vec2((x + 0.5) * invSize, y));\n        vec4 v2 = texture(cc_jointTexture, vec2((x + 1.5) *