[1,0,0,[["cc.Skeleton",["_name","_hash","_joints","_bindposes"],0,12],["cc.Mesh",["_native","_hash","_struct"],1,11]],[[0,0,1,2,3,4],[1,0,1,2,3]],[[[[0,"Skin-0",1143768578,["Bone001/Bone006","Bone001","Bone001/Bone013","Bone001/Bone003","Bone001/Bone010","Bone001/Bone006/Bone007/Bone008","Bone001/Bone006/Bone007","Bone001/Bone002","Bone001/Bone006/Bone007/Bone008/Bone009","Bone001/Bone003/Bone004","Bone001/Bone003/Bone004/Bone005","Bone001/Bone013/Bone014","Bone001/Bone013/Bone014/Bone015","Bone001/Bone010/Bone011","Bone001/Bone010/Bone011/Bone012","Bone001/Bone006(mirrored)","Bone001/Bone013(mirrored)","Bone001/Bone003(mirrored)","Bone001/Bone010(mirrored)","Bone001/Bone006(mirrored)/Bone007(mirrored)","Bone001/Bone006(mirrored)/Bone007(mirrored)/Bone008(mirrored)","Bone001/Bone006(mirrored)/Bone007(mirrored)/Bone008(mirrored)/Bone009(mirrored)","Bone001/Bone003(mirrored)/Bone004(mirrored)","Bone001/Bone003(mirrored)/Bone004(mirrored)/Bone005(mirrored)","Bone001/Bone013(mirrored)/Bone014(mirrored)","Bone001/Bone013(mirrored)/Bone014(mirrored)/Bone015(mirrored)","Bone001/Bone010(mirrored)/Bone011(mirrored)","Bone001/Bone010(mirrored)/Bone011(mirrored)/Bone012(mirrored)"],[[[7,-0.5771653652191162,-0.8005765080451965,0.16111326217651367,0,-0.2669537365436554,-0.0014861790696159005,-0.9637081027030945,0,0.7717617154121399,-0.5992286801338196,-0.21285904943943024,0,-1.0443776845932007,0.6662596464157104,-0.09689437597990036,1],[7,-0.0007396181463263929,0.9999997615814209,1.102124815022254e-11,0,-0.9999997615814209,-0.0007396181463263929,1.4901157641133977e-8,0,1.4901161193847656e-8,-7.941508274726423e-17,1,0,0.5873599648475647,-0.0024958860594779253,-1.0936164855957031,1],[7,-0.7909501194953918,0.5167350172996521,0.32769331336021423,0,-0.4874174892902374,-0.855841338634491,0.1730893850326538,0,0.369894802570343,-0.02281837724149227,0.9287934303283691,0,-0.40179598331451416,-0.12300346791744232,-0.6988096833229065,1],[7,-0.33637791872024536,0.9414682388305664,0.022081537172198296,0,-0.9392588138580322,-0.33710065484046936,0.0644659474492073,0,0.06813632696866989,0.0009446425247006118,0.9976756572723389,0,-0.3598182201385498,0.05120769515633583,-0.8115600347518921,1],[7,-0.8471569418907166,0.3782039284706116,0.3732117712497711,0,0.400454044342041,-0.00719795934855938,0.9162886142730713,0,0.3492303490638733,0.9256942868232727,-0.1453554928302765,0,-0.3663232624530792,-0.7411053776741028,-0.0854368731379509,1],[7,-0.0024169664829969406,-0.8402607440948486,-0.5421765446662903,0,0.9999470114707947,-0.00742182694375515,0.007044635713100433,0,-0.009943269193172455,-0.5421307682991028,0.8402352333068848,0,0.233823761343956,0.5016924142837524,-1.7974822521209717,1],[7,-0.4646121859550476,-0.42186909914016724,-0.7785640954971313,0,0.7617268562316895,0.25794875621795654,-0.5943354368209839,0,0.4515613317489624,-0.8691887259483337,0.20150287449359894,0,-0.5033066272735596,1.3742001056671143,-0.9189345240592957,1],[7,-0.05016589164733887,0.9987409710884094,-0.000028586460757651366,0,-0.9979961514472961,-0.05012959614396095,-0.038608696311712265,0,-0.03856151923537254,-0.0019083108054473996,0.9992544054985046,0,-0.47573786973953247,-0.026042453944683075,-1.1128411293029785,1],[7,0.07977192103862762,-0.7911829948425293,-0.6063541173934937,0,0.9910913109779358,-0.002126044360920787,0.1331622451543808,0,-0.10664480924606323,-0.6115749478340149,0.7839660048484802,0,0.10911022871732712,0.6518715620040894,-1.748666763305664,1],[7,0.594907283782959,0.7710410952568054,0.2271142601966858,0,-0.16349902749061584,-0.160567045211792,0.9733890295028687,0,0.7869900465011597,-0.6162092089653015,0.03054196946322918,0,-0.6147953271865845,0.6828445196151733,0.8956830501556396,1],[7,0.36827337741851807,0.6170403957366943,-0.695439338684082,0,-0.21392713487148285,0.7841804623603821,0.5824913382530212,0,0.9047706723213196,-0.06574269384145737,0.4207944869995117,0,-1.2582980394363403,0.8787007927894592,-0.043663185089826584,1],[7,-0.35493922233581543,0.7562727928161621,0.5496083498001099,0,-0.49937790632247925,0.34361952543258667,-0.7953283190727234,0,-0.790341317653656,-0.5567554831504822,0.2557019889354706,0,0.38534221053123474,1.126894235610962,-0.3621715307235718,1],[7,-0.3303033709526062,0.94350266456604,0.026498015969991684,0,-0.5109025239944458,-0.1551113873720169,-0.845528781414032,0,-0.7936484813690186,-0.29281893372535706,0.533271849155426,0,-0.906584620475769,0.7462335824966431,-0.9296906590461731,1],[7,-0.35516467690467834,-0.7832590937614441,0.5102581977844238,0,0.5036872029304504,0.2994879186153412,0.8103124499320984,0,-0.7875006794929504,0.5448048710823059,0.2881500720977783,0,0.37964144349098206,-1.106928825378418,-0.4054422974586487,1],[7,-0.3673829138278961,-0.778354287147522,0.5091117024421692,0,0.5134608149528503,0.2866790294647217,0.8088098168373108,0,-0.7754920721054077,0.5585518479347229,0.29433339834213257,0,-0.9329177141189575,-1.0878262519836426,-0.4049096405506134,1],[7,0.5771650075912476,-0.8005769848823547,-0.16111202538013458,0,-0.26695314049720764,0.0014851938467472792,-0.9637084603309631,0,0.7717621326446533,0.599228024482727,-0.21285933256149292,0,-1.0486202239990234,-0.6603748202323914,-0.09571010619401932,1],[7,0.7909502387046814,0.5167347192764282,-0.3276934027671814,0,-0.4874173700809479,0.8558412790298462,0.1730891764163971,0,0.3698948323726654,0.02281852811574936,0.9287933111190796,0,-0.40760964155197144,0.11920522898435593,-0.6964010000228882,1],[7,0.3363783061504364,0.9414681196212769,-0.022081408649683,0,-0.939258873462677,0.3371009826660156,0.06446599215269089,0,0.06813634186983109,-0.0009448027121834457,0.9976755380630493,0,-0.36229071021080017,-0.058127511292696,-0.8113976120948792,1],[7,0.8472976684570312,0.3780205547809601,-0.37307804822921753,0,0.4002271890640259,0.007333641871809959,0.9163864850997925,0,0.3491489887237549,-0.925768256187439,-0.14508026838302612,0,-0.3724358379840851,0.7383559942245483,-0.08293650299310684,1],[7,0.46461108326911926,-0.421869695186615,0.7785643339157104,0,0.7617270946502686,-0.25794920325279236,-0.5943347811698914,0,0.4515617787837982,0.8691883087158203,0.20150353014469147,0,-0.5067222118377686,-1.3710987567901611,-0.9246577620506287,1],[7,0.0024157166481018066,-0.8402615189552307,0.5421758890151978,0,0.9999476075172424,0.007420852314680815,0.007045437581837177,0,-0.009943418204784393,0.5421305298805237,0.8402354121208191,0,0.23380671441555023,-0.495516300201416,-1.8014672994613647,1],[7,-0.07977315038442612,-0.7911837697029114,0.6063534617424011,0,0.9910917282104492,0.0021241772919893265,0.13316188752651215,0,-0.10664349049329758,0.6115748882293701,0.7839664220809937,0,0.10969462245702744,-0.6460562944412231,-1.7531237602233887,1],[7,-0.5949071645736694,0.7710413336753845,-0.2271147519350052,0,-0.16349928081035614,0.16056744754314423,0.9733891487121582,0,0.786990225315094,0.6162092685699463,0.030541978776454926,0,-0.61042320728302,-0.6885116696357727,0.8973525762557983,1],[7,-0.36827346682548523,0.6170403957366943,0.6954392194747925,0,-0.21392664313316345,-0.7841804623603821,0.5824915766716003,0,0.9047704935073853,0.06574322283267975,0.4207943379878998,0,-1.2555903196334839,-0.8832368850708008,-0.04877464845776558,1],[7,0.35493943095207214,0.7562726736068726,-0.549608588218689,0,-0.49937769770622253,-0.34362003207206726,-0.7953282594680786,0,-0.7903414964675903,0.5567557215690613,0.2557014226913452,0,0.38273340463638306,-1.132453441619873,-0.35813108086586,1],[7,0.3303033411502838,0.9435027241706848,-0.026497405022382736,0,-0.5109021663665771,0.15511177480220795,-0.8455289006233215,0,-0.7936487793922424,0.2928186357021332,0.5332716107368469,0,-0.9090119004249573,-0.7531684637069702,-0.9294967651367188,1],[7,0.3550970256328583,-0.7834205627441406,-0.5100570321083069,0,0.5037968754768372,-0.2992296516895294,0.8103395700454712,0,-0.7874610424041748,-0.5447142720222473,0.28842926025390625,0,0.37697529792785645,1.1125574111938477,-0.4019222557544708,1],[7,0.3673187792301178,-0.7785165905952454,-0.5089095830917358,0,0.5135654211044312,-0.28641894459724426,0.808835506439209,0,-0.7754531502723694,-0.5584588050842285,0.2946121096611023,0,-0.9356717467308044,1.0934172868728638,-0.4013975262641907,1]],8,8,8,8,8,8,8,8,8,8,8,8,8,8,8,8,8,8,8,8,8,8,8,8,8,8,8,8]]],0,0,[],[],[]],[[[1,".bin",1648469797,[{"primitives":[{"primitiveMode":7,"jointMapIndex":0,"vertexBundelIndices":[0],"indexView":{"offset":79992,"length":14568,"count":3642,"stride":4}}],"vertexBundles":[{"view":{"offset":0,"length":79992,"count":1111,"stride":72},"attributes":[{"name":"a_position","format":32,"isNormalized":false},{"name":"a_normal","format":32,"isNormalized":false},{"name":"a_texCoord","format":21,"isNormalized":false},{"name":"a_tangent","format":44,"isNormalized":false},{"name":"a_joints","format":42,"isNormalized":false},{"name":"a_weights","format":44,"isNormalized":false}]}],"jointMaps":[[0,1,2,3,4,5,6,9,11,13,15,16,17,18,19,20,22,24,25,26]]},"minPosition",8,[1,-1.0243436098098755,-1.139356255531311,-0.0003874969552271068],"maxPosition",8,[1,1.0243436098098755,1.1393563747406006,1.8952512741088867]]],-1],0,0,[],[],[]]]]
