[1,0,0,[["cc.Skeleton",["_name","_hash","_joints","_bindposes"],0,12],["cc.Mesh",["_native","_hash","_struct"],1,11]],[[0,0,1,2,3,4],[1,0,1,2,3]],[[[[0,"Skin-0",2327032883,["Bone001/Bone003/Bone004/Bone005","Bone001","Bone001/Bone003","Bone001/Bone007","Bone001/Bone003/Bone004","Bone001/Bone007(mirrored)","Bone001/Bone002","Bone001/Bone003(mirrored)","Bone001/Bone003(mirrored)/Bone004(mirrored)","Bone001/Bone003(mirrored)/Bone004(mirrored)/Bone005(mirrored)","Bone001/Bone003/Bone004/Bone005/Bone006","Bone001/Bone007/Bone008","Bone001/Bone007/Bone008/Bone009","Bone001/Bone007/Bone008/Bone009/Bone010","Bone001/Bone003(mirrored)/Bone004(mirrored)/Bone005(mirrored)/Bone006(mirrored)","Bone001/Bone007(mirrored)/Bone008(mirrored)","Bone001/Bone007(mirrored)/Bone008(mirrored)/Bone009(mirrored)","Bone001/Bone007(mirrored)/Bone008(mirrored)/Bone009(mirrored)/Bone010(mirrored)"],[[[7,0.32725536823272705,0.8746254444122314,0.3576791286468506,0,-0.15994110703468323,0.42433059215545654,-0.8912701606750488,0,-0.9313016533851624,0.2344653457403183,0.27875301241874695,0,0.15173311531543732,-0.5012781620025635,-0.6485432386398315,1],[7,0.010470513254404068,0.9999452233314514,-6.122898096724898e-17,0,-0.9999452233314514,0.010470513254404068,6.059120486263589e-17,0,6.122898758469388e-17,6.059120486263589e-17,1,0,0.6288978457450867,0.0007987882127054036,-0.5968018770217896,1],[7,0.5820782780647278,0.8043885231018066,-0.11892826855182648,0,-0.22063198685646057,0.015467822551727295,-0.9752345085144043,0,-0.7826278805732727,0.5939021706581116,0.18647733330726624,0,0.38861438632011414,-0.53465336561203,-0.2664162516593933,1],[7,0.5601227879524231,0.8035735487937927,0.20132605731487274,0,0.3154013454914093,0.0178611371666193,-0.9487901926040649,0,-0.7660185694694519,0.5949376225471497,-0.24344369769096375,0,0.34258243441581726,-0.5282093286514282,0.34788426756858826,1],[7,0.8324007391929626,-0.5490008592605591,-0.07554514706134796,0,-0.3374195098876953,-0.3939529359340668,-0.8549556136131287,0,0.43961015343666077,0.7371561527252197,-0.5131703019142151,0,-0.5867999196052551,-0.11764059215784073,-0.019086848944425583,1],[7,-0.5604614615440369,0.8033368587493896,-0.20132799446582794,0,0.31534820795059204,-0.017777616158127785,-0.9488095641136169,0,-0.7657927870750427,-0.5952596068382263,-0.24336713552474976,0,0.3452247083187103,0.5243018865585327,0.3488558530807495,1],[7,0.010470514185726643,0.9999452829360962,-6.122898096724898e-17,0,-0.9999452829360962,0.010470514185726643,6.059120486263589e-17,0,6.122898758469388e-17,6.059121148008079e-17,1,0,-0.5773767232894897,0.0007986786658875644,-0.5968018770217896,1],[7,-0.582078218460083,0.8043887615203857,0.1189284473657608,0,-0.22063209116458893,-0.015467667952179909,-0.9752344489097595,0,-0.7826278805732727,-0.5939022898674011,0.18647731840610504,0,0.3915580213069916,0.5305856466293335,-0.2670176327228546,1],[7,-0.8324009776115417,-0.54900062084198,0.07554526627063751,0,-0.3374193012714386,0.3939526379108429,-0.8549559712409973,0,0.439610093832016,-0.7371564507484436,-0.5131700038909912,0,-0.5825905799865723,0.12041710317134857,-0.01946905255317688,1],[7,-0.34058240056037903,0.870255708694458,-0.35589149594306946,0,-0.15914227068424225,-0.4264181852340698,-0.890416145324707,0,-0.9266483783721924,-0.24662278592586517,0.28372490406036377,0,0.14340956509113312,0.4987975060939789,-0.6475284099578857,1],[7,0.1638341099023819,0.9846055507659912,-0.060914069414138794,0,0.034050170332193375,-0.06735582649707794,-0.9971478581428528,0,-0.9859001636505127,0.1612926870584488,-0.04456116259098053,0,-0.11221107840538025,-0.7912343144416809,-0.3680267035961151,1],[7,0.7888268828392029,-0.18685607612133026,0.5855228304862976,0,0.48824653029441833,-0.3881409168243408,-0.7816405296325684,0,0.37331971526145935,0.9024584889411926,-0.21494415402412415,0,-0.6136417984962463,-0.10460721701383591,0.12821459770202637,1],[7,0.3115357756614685,0.15541185438632965,0.937439501285553,0,0.1544673889875412,0.9651304483413696,-0.21133621037006378,0,-0.9375953674316406,0.21064260601997375,0.27666667103767395,0,0.1582486629486084,-0.6191369295120239,-0.5380237102508545,1],[7,-0.11559323966503143,0.9925064444541931,-0.039616044610738754,0,0.02211986482143402,-0.03730139881372452,-0.9990592002868652,0,-0.9930503368377686,-0.11636080592870712,-0.017642315477132797,0,0.07232285290956497,-0.6666311621665955,0.5561730861663818,1],[7,-0.17747332155704498,0.9824209809303284,0.05790071561932564,0,0.03445795178413391,0.06500186026096344,-0.9972900152206421,0,-0.9835221767425537,-0.1749972552061081,-0.04538830369710922,0,-0.12297385185956955,0.7905651330947876,-0.37030357122421265,1],[7,-0.7887265086174011,-0.18725617229938507,-0.5855304002761841,0,0.48816588521003723,0.3881261646747589,-0.7816983461380005,0,0.3736375570297241,-0.9023821949958801,-0.2147132307291031,0,-0.6098282933235168,0.105442114174366,0.13103489577770233,1],[7,-0.32249119877815247,0.1548464149236679,-0.9338211417198181,0,0.15386614203453064,-0.9648330807685852,-0.21312576532363892,0,-0.933983325958252,-0.2124146670103073,0.287324458360672,0,0.15268607437610626,0.6186776757240295,-0.5352041125297546,1],[7,0.10423072427511215,0.9936944246292114,0.04132169112563133,0,0.022335054352879524,0.03919878974556923,-0.998981773853302,0,-0.9943021535873413,0.10504753887653351,-0.01810850203037262,0,0.06462158262729645,0.6670238375663757,0.5572907328605652,1]],8,8,8,8,8,8,8,8,8,8,8,8,8,8,8,8,8,8]]],0,0,[],[],[]],[[[1,".bin",2811734359,[{"primitives":[{"primitiveMode":7,"jointMapIndex":0,"vertexBundelIndices":[0],"indexView":{"offset":36288,"length":7920,"count":1980,"stride":4}}],"vertexBundles":[{"view":{"offset":0,"length":36288,"count":504,"stride":72},"attributes":[{"name":"a_position","format":32,"isNormalized":false},{"name":"a_normal","format":32,"isNormalized":false},{"name":"a_texCoord","format":21,"isNormalized":false},{"name":"a_tangent","format":44,"isNormalized":false},{"name":"a_joints","format":42,"isNormalized":false},{"name":"a_weights","format":44,"isNormalized":false}]}],"jointMaps":[[0,1,2,3,4,5,7,8,9,11,12,15,16]]},"minPosition",8,[1,-0.8663572072982788,-0.6464170813560486,-0.0011177825508639216],"maxPosition",8,[1,0.8663572072982788,0.9349461197853088,1.8084843158721924]]],-1],0,0,[],[],[]]]]
