[1,0,0,[["cc.Skeleton",["_name","_hash","_joints","_bindposes"],0,12],["cc.Mesh",["_native","_hash","_struct"],1,11]],[[0,0,1,2,3,4],[1,0,1,2,3]],[[[[0,"Skin-0",2139343834,["Bone001","Bone001/Bone013(mirrored)","Bone001/Bone013","Bone001/Bone010(mirrored)","Bone001/Bone010","Bone001/player11/Bone004","Bone001/player11","Bone001/Bone007","Bone001/Bone007/Bone008","Bone001/Bone007(mirrored)","Bone001/Bone010/Bone011","Bone001/Bone013/Bone014","Bone001/player11/Bone003","Bone001/player11/Bone004/Bone005","Bone001/player11/Bone004/Bone005/Bone006","Bone001/Bone013/Bone014/Bone015","Bone001/Bone010/Bone011/Bone012","Bone001/Bone007/Bone008/Bone009","Bone001/player11/Bone004(mirrored)","Bone001/Bone007(mirrored)/Bone008(mirrored)","Bone001/Bone010(mirrored)/Bone011(mirrored)","Bone001/Bone013(mirrored)/Bone014(mirrored)","Bone001/player11/Bone004(mirrored)/Bone005(mirrored)","Bone001/player11/Bone004(mirrored)/Bone005(mirrored)/Bone006(mirrored)","Bone001/Bone013(mirrored)/Bone014(mirrored)/Bone015(mirrored)","Bone001/Bone010(mirrored)/Bone011(mirrored)/Bone012(mirrored)","Bone001/Bone007(mirrored)/Bone008(mirrored)/Bone009(mirrored)"],[[[7,-0.00027958949794992805,1,4.3854161968504e-10,0,-1,-0.00027958949794992805,0.0000015685197922721272,0,0.000001568519905958965,5.95743219571224e-17,1,0,0.6991066932678223,0.0013595110503956676,-0.7072671055793762,1],[7,-0.9356232285499573,-0.3416174054145813,0.0889199823141098,0,0.3452911674976349,-0.938035249710083,0.02938787080347538,0,0.07337068766355515,0.05819925665855408,0.9956050515174866,0,-0.31257903575897217,0.4256729185581207,-0.5618903636932373,1],[7,0.9355175495147705,-0.3419043719768524,-0.08892890065908432,0,0.3455548882484436,0.9379486441612244,0.029056323692202568,0,0.07347626984119415,-0.05791253224015236,0.9956138730049133,0,-0.31398436427116394,-0.42531412839889526,-0.561604917049408,1],[7,-0.975059986114502,-0.2075410783290863,0.07864296436309814,0,0.210651233792305,-0.9769880771636963,0.033473581075668335,0,0.06988608837127686,0.0492049865424633,0.9963407516479492,0,-0.10426818579435349,-0.16078704595565796,-0.5173882246017456,1],[7,0.975174069404602,-0.20721092820167542,-0.07809828221797943,0,0.21025101840496063,0.9770950078964233,0.03286311775445938,0,0.06949985027313232,-0.04846750199794769,0.9964038729667664,0,-0.10539126396179199,0.16064724326133728,-0.5174432992935181,1],[7,0.06628730893135071,0.9957968592643738,-0.0632028803229332,0,-0.9053613543510437,0.08665204793214798,0.4157066345214844,0,0.419435977935791,0.029665373265743256,0.9073001146316528,0,-1.2952234745025635,-0.02570013701915741,-0.17028287053108215,1],[7,0.02038692869246006,0.9997892379760742,-0.002417606068775058,0,-0.9930702447891235,0.0205297339707613,0.11571557074785233,0,0.1157408207654953,0.00004176744550932199,0.9932794570922852,0,-1.0497312545776367,0.021611744537949562,-0.5897361040115356,1],[7,0.9651528596878052,0.2552833557128906,-0.05753639340400696,0,-0.2534373998641968,0.9666247963905334,0.0374964140355587,0,0.06518831104040146,-0.021607892587780952,0.9976390600204468,0,-0.2601792514324188,0.6611993908882141,-0.5006275773048401,1],[7,0.23728226125240326,0.925188422203064,0.2961813807487488,0,-0.3484000563621521,0.3656538128852844,-0.8630843758583069,0,-0.9068156480789185,0.10160499811172485,0.4090988337993622,0,0.1313815414905548,-0.1589183360338211,-1.0270472764968872,1],[7,-0.9650191068649292,0.2557361125946045,0.05776731297373772,0,-0.2538757026195526,-0.9665037393569946,0.03765076771378517,0,0.06546097993850708,0.02166799269616604,0.9976198673248291,0,-0.2593607008457184,-0.6614565849304199,-0.5005743503570557,1],[7,0.27604660391807556,-0.21249398589134216,0.9373604655265808,0,0.060537513345479965,0.97716224193573,0.20368891954421997,0,-0.9592358469963074,0.0005178413121029735,0.28260618448257446,0,0.3804362416267395,0.13604484498500824,-0.7117403745651245,1],[7,0.17811475694179535,-0.3702647387981415,0.9116902947425842,0,0.3149748146533966,0.8992113471031189,0.30366072058677673,0,-0.9322368502616882,0.23307310044765472,0.2767869234085083,0,0.24858760833740234,-0.5565378069877625,-0.8223713636398315,1],[7,0.021032534539699554,0.9997758269309998,-0.002417605835944414,0,-0.9930567145347595,0.021171001717448235,0.11571557074785233,0,0.1157408133149147,-0.000032971940527204424,0.9932794570922852,0,-1.374782919883728,0.022499511018395424,-0.5897360444068909,1],[7,0.8422248959541321,0.5059694647789001,-0.18615061044692993,0,-0.49645206332206726,0.8624963760375977,0.09815986454486847,0,0.2102201133966446,0.009742170572280884,0.9776055216789246,0,-0.9121653437614441,1.059255599975586,-0.6262452006340027,1],[7,0.8258413672447205,0.5334191918373108,-0.182893306016922,0,-0.523560643196106,0.8457799553871155,0.10266709327697754,0,0.2094520628452301,0.010968999937176704,0.9777573943138123,0,-1.9068740606307983,1.0028088092803955,-0.6213782429695129,1],[7,0.14625094830989838,0.9837115406990051,-0.10450950264930725,0,0.23034068942070007,-0.13660483062267303,-0.9634740948677063,0,-0.9620566964149475,0.11683624237775803,-0.2465674877166748,0,-0.27002495527267456,-0.4825485646724701,0.9011858105659485,1],[7,0.12127730250358582,0.9871787428855896,0.10377784073352814,0,0.12388741970062256,0.08867855370044708,-0.988325834274292,0,-0.9848570823669434,0.1327182650566101,-0.11154434829950333,0,-0.09052660316228867,-0.7458500862121582,-0.053497813642024994,1],[7,0.10221993178129196,0.7041311860084534,0.7026734948158264,0,-0.17830611765384674,0.707902729511261,-0.6834327578544617,0,-0.9786509871482849,-0.055430538952350616,0.19791272282600403,0,-0.2591157555580139,0.30764132738113403,-1.0834431648254395,1],[7,-0.06628728657960892,0.995796799659729,0.06320295482873917,0,-0.9053614139556885,-0.08665205538272858,0.4157068729400635,0,0.4194362759590149,-0.029665427282452583,0.9072999954223633,0,-1.2951375246047974,0.024403177201747894,-0.17036478221416473,1],[7,-0.237346813082695,0.9253320693969727,-0.2956804633140564,0,-0.3486257493495941,-0.3652389943599701,-0.8631688952445984,0,-0.9067119359970093,-0.10178855806589127,0.40928295254707336,0,0.13147735595703125,0.15810325741767883,-1.026790738105774,1],[7,-0.27653712034225464,-0.21285031735897064,-0.9371349215507507,0,0.060023050755262375,-0.9770849943161011,0.20421193540096283,0,-0.959126889705658,0.0002224818745162338,0.2829761207103729,0,0.38063114881515503,-0.1361851692199707,-0.7106329798698425,1],[7,-0.17821095883846283,-0.3699897229671478,-0.9117830395698547,0,0.31463542580604553,-0.8993956446647644,0.3034665286540985,0,-0.93233323097229,-0.23279820382595062,0.27669402956962585,0,0.24904175102710724,0.5569899678230286,-0.8210392594337463,1],[7,-0.8422249555587769,0.5059691667556763,0.18615035712718964,0,-0.49645164608955383,-0.8624964952468872,0.09815986454486847,0,0.21021988987922668,-0.00974196381866932,0.977605402469635,0,-0.9110677242279053,-1.0599149465560913,-0.6264874935150146,1],[7,-0.825842022895813,0.5334181785583496,0.1828935593366623,0,-0.5235594511032104,-0.8457807898521423,0.10266740620136261,0,0.20945245027542114,-0.010968591086566448,0.9777573347091675,0,-1.9057974815368652,-1.0035061836242676,-0.6216158270835876,1],[7,-0.1463213860988617,0.9836698174476624,0.104803666472435,0,0.2300018072128296,0.13686947524547577,-0.9635173678398132,0,-0.9621273279190063,-0.1168781965970993,-0.2462727576494217,0,-0.2696245014667511,0.4811481237411499,0.9009362459182739,1],[7,-0.12175945192575455,0.9870749115943909,-0.10419784486293793,0,0.12330009788274765,-0.08912383764982224,-0.9883592128753662,0,-0.9848712086677551,-0.13318967819213867,-0.11085481196641922,0,-0.09047648310661316,0.7447515726089478,-0.05377194285392761,1],[7,-0.10238128155469894,0.7044715881347656,-0.7023089528083801,0,-0.17847897112369537,-0.7075706720352173,-0.6837316751480103,0,-0.9786024689674377,0.0553460456430912,0.19817548990249634,0,-0.25913554430007935,-0.3082679212093353,-1.0828534364700317,1]],8,8,8,8,8,8,8,8,8,8,8,8,8,8,8,8,8,8,8,8,8,8,8,8,8,8,8]]],0,0,[],[],[]],[[[1,".bin",383109661,[{"primitives":[{"primitiveMode":7,"jointMapIndex":0,"vertexBundelIndices":[0],"indexView":{"offset":44784,"length":9936,"count":2484,"stride":4}}],"vertexBundles":[{"view":{"offset":0,"length":44784,"count":622,"stride":72},"attributes":[{"name":"a_position","format":32,"isNormalized":false},{"name":"a_normal","format":32,"isNormalized":false},{"name":"a_texCoord","format":21,"isNormalized":false},{"name":"a_tangent","format":44,"isNormalized":false},{"name":"a_joints","format":42,"isNormalized":false},{"name":"a_weights","format":44,"isNormalized":false}]}],"jointMaps":[[0,1,2,3,4,5,6,7,8,9,10,11,13,18,19,20,21,22]]},"minPosition",8,[1,-0.9242398142814636,-1.7963165044784546,-0.02179153449833393],"maxPosition",8,[1,0.9278123378753662,1.0141385793685913,1.002500057220459]]],-1],0,0,[],[],[]]]]
