[1,0,0,[["cc.Skeleton",["_name","_hash","_joints","_bindposes"],0,12],["cc.Mesh",["_native","_hash","_struct"],1,11]],[[0,0,1,2,3,4],[1,0,1,2,3]],[[[[0,"Skin-0",915757499,["Circle001","Circle001/Bone001","Circle001/Bone001/Bone016","Circle001/Bone001/Bone016/Bone017","Circle001/Bone001/Bone002","Circle001/Bone001/Bone002/Bone007/Bone008","Circle001/Bone001/Bone016(mirrored)","Circle001/Bone001/Bone016(mirrored)/Bone017(mirrored)","Circle001/Bone001/Bone010","Circle001/Bone001/Bone010/Bone011","Circle001/Bone001/Bone010/Bone011/Bone012","Circle001/Bone001/Bone013(mirrored)/Bone014(mirrored)","Circle001/Bone001/Bone016(mirrored)/Bone017(mirrored)/Bone018(mirrored)","Circle001/Bone001/Bone013(mirrored)","Circle001/Bone001/Bone013(mirrored)/Bone014(mirrored)/Bone015(mirrored)","Circle001/Bone001/Bone002/Bone007(mirrored)","Circle001/Bone001/Bone002/Bone007","Circle001/Bone001/Bone002/Bone007(mirrored)/Bone008(mirrored)","Circle001/Bone001/Bone002/Bone007(mirrored)/Bone008(mirrored)/Bone009(mirrored)","Circle001/Bone001/Bone010(mirrored)","Circle001/Bone001/Bone010(mirrored)/Bone011(mirrored)","Circle001/Bone001/Bone013/Bone014","Circle001/Bone001/Bone010(mirrored)/Bone011(mirrored)/Bone012(mirrored)","Circle001/Bone001/Bone016/Bone017/Bone018","Circle001/Bone001/Bone013","Circle001/Bone001/Bone013/Bone014/Bone015","Circle001/Bone001/Bone002/Bone007/Bone008/Bone009"],[[[7,1,0,0,0,0,1,0,0,0,0,1,0,0,-0.17364589869976044,0.3210585415363312,1],[7,-1.628905579309503e-7,7.236537413746191e-8,-1,0,-0.9998151063919067,-0.019227325916290283,1.6146906034464337e-7,0,-0.019227325916290283,0.9998151063919067,7.548394620471299e-8,0,0.2802753746509552,-0.05881282687187195,-4.514185647508384e-8,1],[7,-0.8335013389587402,-0.46780407428741455,0.2939978241920471,0,0.3840641677379608,-0.1080196350812912,0.9169658422470093,0,-0.39720284938812256,0.8772063255310059,0.2697013020515442,0,-0.37462157011032104,-0.007182526867836714,-0.6139593124389648,1],[7,-0.3498455584049225,-0.35573697090148926,0.8666366934776306,0,0.16918735206127167,0.8858920335769653,0.43193864822387695,0,-0.921403169631958,0.2977358102798462,-0.2497391551733017,0,-0.2842627465724945,-0.7800520062446594,-0.09429122507572174,1],[7,-4.164370182024868e-8,-1.2078029953954683e-7,-1,0,-0.9993395209312439,-0.03633943945169449,4.6005283138583764e-8,0,-0.03633943945169449,0.9993395209312439,-1.1918721298798118e-7,0,-0.32430848479270935,-0.06437386572360992,-4.1907197156909604e-10,1],[7,-0.4496132433414459,0.1127125546336174,-0.8860834240913391,0,-0.8594875335693359,0.21546433866024017,0.4635258615016937,0,0.2431645393371582,0.9699850082397461,-5.829541578350472e-7,0,-0.7570567727088928,-0.04821644723415375,0.15955175459384918,1],[7,0.8335012197494507,-0.46780407428741455,-0.29399824142456055,0,0.3840644061565399,0.10801933705806732,0.9169657826423645,0,-0.3972027599811554,-0.8772066235542297,0.26970112323760986,0,-0.3744468688964844,0.007084677927196026,-0.6140208840370178,1],[7,0.3498455584049225,-0.3557370603084564,-0.8666367530822754,0,0.16918733716011047,-0.885891854763031,0.43193885684013367,0,-0.921403169631958,-0.2977358400821686,-0.2497391551733017,0,-0.28418925404548645,0.7799772620201111,-0.09447323530912399,1],[7,0.8449051380157471,0.5349162220954895,-3.5447254731479916e-7,0,-3.054737760521675e-7,-1.801705309389945e-7,-1.0000001192092896,0,-0.5349161028862,0.8449052572250366,1.1175873559921001e-8,0,-0.1797959953546524,-0.19740718603134155,0.32482650876045227,1],[7,0.39598166942596436,0.917945921421051,0.023956328630447388,0,0.0466325506567955,0.005952644161880016,-0.9988945126533508,0,-0.9170736074447632,0.39666101336479187,-0.04044902324676514,0,-0.24557773768901825,-0.3982529044151306,0.311348021030426,1],[7,0.3959816098213196,0.9179458022117615,0.02395632304251194,0,0.046632539480924606,0.005952637176960707,-0.9988945126533508,0,-0.9170734882354736,0.3966609537601471,-0.04044902324676514,0,-0.5427873134613037,-0.39825335144996643,0.311348021030426,1],[7,0.32770249247550964,0.9391407370567322,-0.10308200865983963,0,-0.3126789927482605,0.004848669748753309,-0.9498462677001953,0,-0.8915396332740784,0.34349867701530457,0.2952384054660797,0,-0.23354274034500122,-0.4252236485481262,-0.07322774827480316,1],[7,0.3083953559398651,-0.95125812292099,0.000032427171390736476,0,-0.007403372786939144,-0.002366065513342619,0.9999696016311646,0,-0.9512293934822083,-0.3083862364292145,-0.0077722021378576756,0,-0.4332713484764099,0.28090766072273254,-0.8336194753646851,1],[7,0.9104651212692261,0.4135706424713135,-0.003494282951578498,0,-0.06811545789241791,0.14161039888858795,-0.9875762462615967,0,-0.407937616109848,0.8993919491767883,0.15710192918777466,0,-0.25342559814453125,-0.13733671605587006,-0.130767822265625,1],[7,0.3198668956756592,0.9358459115028381,-0.14791209995746613,0,-0.2514429986476898,-0.0666687861084938,-0.9655733108520508,0,-0.9134888052940369,0.34604641795158386,0.21398672461509705,0,-0.5471367835998535,-0.4398190975189209,-0.07814418524503708,1],[7,0.2347438782453537,0.07473927736282349,0.969179630279541,0,-0.9235016703605652,-0.29403024911880493,0.24635472893714905,0,0.3033805191516876,-0.9528694152832031,4.470347647611561e-8,0,-0.5748803615570068,-0.004499410279095173,-0.011642850935459137,1],[7,-0.23474441468715668,0.07473887503147125,-0.969179630279541,0,-0.9235016107559204,0.29403021931648254,0.24635513126850128,0,0.30338039994239807,0.9528694748878479,-4.842877956434677e-7,0,-0.5748814940452576,0.004499720875173807,-0.011647242121398449,1],[7,0.44961264729499817,0.11271300166845322,0.8860833644866943,0,-0.8594874143600464,-0.21546438336372375,0.4635253846645355,0,0.24316473305225372,-0.9699848890304565,-1.0430807151351473e-7,0,-0.7570544481277466,0.04821685329079628,0.1595556139945984,1],[7,0.44961273670196533,0.11271277070045471,0.8860834240913391,0,-0.8594876527786255,-0.21546395123004913,0.4635254144668579,0,0.2431642711162567,-0.9699850678443909,-1.0151412510595037e-7,0,-1.0771998167037964,0.04821719601750374,0.159555584192276,1],[7,-0.8449050188064575,0.5349161028862,1.8110475252797187e-7,0,-2.5813218940129445e-7,-6.915563233178545e-8,-0.9999998807907104,0,-0.5349161028862,-0.8449050784111023,1.9650902061130182e-7,0,-0.18400879204273224,0.20007434487342834,0.32482635974884033,1],[7,-0.39598193764686584,0.917945921421051,-0.02395620197057724,0,0.04663263261318207,-0.005952469073235989,-0.9988941550254822,0,-0.9170735478401184,-0.39666131138801575,-0.040449146181344986,0,-0.2475522756576538,0.40282973647117615,0.31122857332229614,1],[7,-0.32770267128944397,0.9391406178474426,0.10308166593313217,0,-0.3126787841320038,-0.004849044140428305,-0.9498465657234192,0,-0.8915395736694336,-0.34349873661994934,0.2952384352684021,0,-0.2321816384792328,0.4213228225708008,-0.07365605235099792,1],[7,-0.39598149061203003,0.9179455637931824,-0.02395656891167164,0,0.046632617712020874,-0.0059528835117816925,-0.998894214630127,0,-0.9170734882354736,-0.396660715341568,-0.04044898599386215,0,-0.5447617173194885,0.4028303623199463,0.3112284541130066,1],[7,-0.30839571356773376,-0.9512580037117004,-0.000032331401598639786,0,-0.007403291296213865,0.002366142813116312,0.9999698996543884,0,-0.9512293338775635,0.30838659405708313,-0.007772150449454784,0,-0.4333363473415375,-0.2811071276664734,-0.8336196541786194,1],[7,-0.9104653000831604,0.4135705828666687,0.0034942026250064373,0,-0.06811534613370895,-0.14161035418510437,-0.9875763058662415,0,-0.407937616109848,-0.8993919491767883,0.1571018397808075,0,-0.24964399635791779,0.13561893999576569,-0.1307823359966278,1],[7,-0.3198673129081726,0.9358457922935486,0.14791184663772583,0,-0.2514435946941376,0.06666817516088486,-0.9655731916427612,0,-0.9134884476661682,-0.3460468351840973,0.21398742496967316,0,-0.5458085536956787,0.4359316825866699,-0.07875830680131912,1],[7,-0.4496132433414459,0.1127125546336174,-0.8860834240913391,0,-0.8594875335693359,0.21546433866024017,0.4635258615016937,0,0.2431645393371582,0.9699850082397461,-5.829541578350472e-7,0,-1.0772020816802979,-0.04821636155247688,0.15955175459384918,1]],8,8,8,8,8,8,8,8,8,8,8,8,8,8,8,8,8,8,8,8,8,8,8,8,8,8,8]]],0,0,[],[],[]],[[[1,".bin",949789299,[{"primitives":[{"primitiveMode":7,"jointMapIndex":0,"vertexBundelIndices":[0],"indexView":{"offset":37944,"length":8616,"count":2154,"stride":4}}],"vertexBundles":[{"view":{"offset":0,"length":37944,"count":527,"stride":72},"attributes":[{"name":"a_position","format":32,"isNormalized":false},{"name":"a_normal","format":32,"isNormalized":false},{"name":"a_texCoord","format":21,"isNormalized":false},{"name":"a_tangent","format":44,"isNormalized":false},{"name":"a_joints","format":42,"isNormalized":false},{"name":"a_weights","format":44,"isNormalized":false}]}],"jointMaps":[[0,1,2,3,4,5,6,7,8,9,11,13,15,16,17,19,20,21,24]]},"minPosition",8,[1,-0.6114776730537415,-1.0531353950500488,-0.3375779688358307],"maxPosition",8,[1,0.6075140237808228,1.050370454788208,0.4262806177139282]]],-1],0,0,[],[],[]]]]
